     0      0
     0      0
     0      0
     0      0
     0      0
     0     25
     0      0
     0 -32686
     0      0
     0 -32656
     0     63
     0 -32697
     0    154
     0    168
     0 -32678
     0    285
     0 -32566
     0 -32556
     0 -32438
     0 -32426
     0 -32534
     0 -32288
     0 -32399
     0 -32393
     0 -32264
     0 -32260
     0 -32387
     0 -32133
     0 -32264
     0 -32268
     0 -32153
     0 -32168
     0 -32300
     0    684
     0    550
     0    530
     0 -32162
     0    570
     0 -32318
     0 -32180
     0 -32306
     0 -32271
     0    384
     0    392
     0    294
     0    287
     0 -32570
     0    175
     0 -32666
     0     56
     0      0
     0    -56
     0  32666
     0   -175
     0  32570
     0   -287
     0   -294
     0   -392
     0  32390
     0  32271
     0  32306
     0  32180
     0   -540
     0   -665
     0  32263
     0  32132
     0   -550
     0   -684
     0  32466
     0  32127
     0  32309
     0  32518
     0 -32084
     0    723
     0  29974
     0  32719
     0 -32199
     0  30118
     0  31952
     0 -32742
     0  30284
     0  -1350
     0   -662
     0  31181
     0  -1891
     0   -774
     0  -1170
     0  30481
     0  31566
     0   -466
     0  -2400
     0  30934
     0   -229
     0  -2213
     0  30260
     0 -32443
     0  -1733
     0  -2817
     0 -32006
     0  -1190
     0  -3371
     0 -31843
     0  31925
     0  -4423
     0  32466
     0  -2392
     0  -6494
     0  -1980
     0  30782
     0  -6850
     0  30338
     0  31092
     0  26917
     0  -2661
     0   -132
     0  -5070
     0  31306
     0   1246
     0  29828
     0  32493
     0   3076
     0   -758
     0 -31371
     0 -28170
     0 -30689
     0   3000
     0 -26603
     0   4023
     0 -27891
     0   6750
     0 -26772
     0   5811
     0 -25355
     0 -25236
     0   6840
     0 -25824
     0   8144
     0 -25481
     0 -25994
     0 -24200
     0 -25233
     0 -27030
     0   7881
     0 -25943
     0   3642
     0 -26764
     0 -27180
     0   1655
     0   4013
     0   4200
     0   -792
     0   1664
     0 -30037
     0  30038
     0   -731
     0 -31543
     0  -4471
     0  -3056
     0    270
     0  27616
     0  -4347
     0  -1014
     0  -5812
     0  -5658
     0  30543
     0  -6679
     0  26063
     0  -3200
     0  -7022
     0  -7675
     0  29085
     0  26148
     0  25106
     0  27918
     0  -6273
     0  25246
     0  27954
     0  -5870
     0  -6710
     0  27353
     0  -4901
     0  -5912
     0  -5220
     0  -4149
     0  -4524
     0  27420
     0  29512
     0  29756
     0  -4504
     0  30443
     0  -1038
     0  29243
     0  31441
     0 -31915
     0  30609
     0   -172
     0   2886
     0   -775
     0    516
     0 -28423
     0    616
     0 -31212
     0 -26740
     0 -30526
     0 -30679
     0 -25609
     0 -29618
     0   2843
     0   7850
     0 -27859
     0   2880
     0   8020
     0 -27095
     0   3749
     0 -24581
     0   6525
     0   4114
     0 -24488
     0 -26037
     0   4033
     0   7254
     0 -25943
     0 -28436
     0 -26546
     0 -26344
     0 -28562
     0 -27742
     0   5757
     0   4055
     0 -29245
     0   4410
     0 -29024
     0 -30558
     0   2953
     0   3240
     0    920
     0   1185
     0 -30297
     0  32564
     0   -650
     0   1712
     0  -1426
     0  30228
     0 -32016
     0  -2638
     0  28243
     0   -384
     0  29448
     0  -5865
     0  31376
     0  28708
     0  25717
     0  30275
     0  -4007
     0  -7740
     0  -3241
     0  -4103
     0  -7995
     0  28414
     0  -3810
     0  -8139
     0  -4642
     0  29027
     0  24968
     0  27643
     0  29529
     0  25783
     0  28109
     0  -2670
     0  27218
     0  -4533
     0  -2154
     0  28603
     0  -3712
     0  -1791
     0  -2816
     0  -3044
     0  -1604
     0  -1530
     0  -2410
     0  31079
     0   -120
     0  31418
     0  -1350
     0 -31814
     0  32685
     0  31739
     0   2325
     0 -31534
     0  31989
     0 -29720
     0 -30225
     0   -433
     0   3675
     0 -28781
     0 -32466
     0 -28547
     0   5192
     0 -32168
     0   4641
     0 -26643
     0 -31322
     0 -27998
     0   6883
     0 -30527
     0 -27639
     0   7586
     0 -29742
     0   4664
     0   8026
     0   3870
     0   4300
     0   7229
     0 -28339
     0 -28450
     0   7245
     0   4519
     0 -29268
     0 -26567
     0 -28252
     0 -30148
     0 -28004
     0   3912
     0   2293
     0 -29629
     0   3212
     0 -31238
     0 -31400
     0   2147
     0   1033
     0  32438
     0   1154
     0 -32460
     0  30905
     0   -147
     0   -125
     0  -3383
     0  -1283
     0  32133
     0  27883
     0  -3244
     0  31368
     0  27002
     0  28198
     0  30841
     0  26146
     0  -5963
     0  30570
     0  25869
     0  -6849
     0  -2610
     0  25933
     0  -6980
     0  30470
     0  -6118
     0  -6868
     0  30232
     0  -5550
     0  -6738
     0  -2625
     0  28117
     0  -5836
     0  30228
     0  -3332
     0  -5613
     0  -2150
     0  30272
     0  28481
     0  -2280
     0  -1448
     0  29897
     0  31074
     0   -528
     0  -1620
     0  31418
     0 -32548
     0  32684
     0   -749
     0 -31848
     0   1526
     0   -259
     0 -31384
     0   2943
     0 -32218
     0 -31041
     0   4228
     0 -31625
     0   1628
     0 -27610
     0 -30843
     0   1938
     0 -26767
     0   2493
     0 -31240
     0   6323
     0 -29791
     0 -31137
     0 -26547
     0   3600
     0   1476
     0   6427
     0 -28595
     0   1448
     0   6410
     0 -28202
     0   1440
     0 -26702
     0 -27768
     0 -30987
     0   5312
     0 -28196
     0 -31109
     0 -28439
     0   4600
     0 -30857
     0   3693
     0 -28619
     0 -30718
     0 -30273
     0 -29206
     0   2097
     0   1510
     0   2250
     0 -30825
     0 -32444
     0    936
     0 -31470
     0  32048
     0  31942
     0 -31945
     0  -1773
     0  30418
     0 -32394
     0  -2300
     0  28958
     0  32449
     0  -2887
     0  -5200
     0  31730
     0  29861
     0  -5960
     0  30860
     0  29590
     0  25330
     0  30030
     0  -3156
     0  -7380
     0  -3365
     0  -3247
     0  -7855
     0  -3968
     0  -3182
     0  -7584
     0  -4809
     0  29486
     0  -7225
     0  -4563
     0  29656
     0  26164
     0  -4841
     0  -2527
     0  27293
     0  28343
     0  -2034
     0  28750
     0  28646
     0  30946
     0  30412
     0  29763
     0  31182
     0   -630
     0  -1701
     0   -905
     0 -32358
     0   -396
     0  32046
     0   1550
     0   1073
     0   -348
     0   2600
     0 -30165
     0 -32563
     0 -29212
     0 -28701
     0    626
     0 -28893
     0 -27617
     0   1101
     0   4180
     0 -26546
     0   1480
     0 -28555
     0   6750
     0   1870
     0 -28538
     0   6974
     0 -30594
     0   3822
     0 -25504
     0   2618
     0   3807
     0   7233
     0   2961
     0   2975
     0 -25730
     0 -29299
     0 -30228
     0 -26579
     0   3409
     0 -30668
     0 -27986
     0 -29256
     0   1499
     0 -29142
     0 -29925
     0 -31322
     0 -30668
     0   2233
     0    810
     0    349
     0   1305
     0 -32339
     0  31752
     0    362
     0   -133
     0  -2554
     0  31898
     0   -425
     0  -3965
     0  30794
     0  32260
     0  27884
     0  29568
     0  32093
     0  27020
     0  -4280
     0  32093
     0  26990
     0  27372
     0  31492
     0  27096
     0  26675
     0  -1170
     0  -5381
     0  -6095
     0  31248
     0  27896
     0  26754
     0  31100
     0  28260
     0  26957
     0  31393
     0  -3735
     0  -5836
     0  31371
     0  30412
     0  27710
     0  -1800
     0  31550
     0  29002
     0  -1559
     0  -1042
     0  -2148
     0  31427
     0  32557
     0   -933
     0  -1170
     0 -32658
     0 -32361
     0  -1032
     0    368
     0 -31702
     0   -931
     0    108
     0 -30620
     0   -375
     0    426
     0   3958
     0 -31371
     0    596
     0   4535
     0 -30818
     0 -32381
     0 -27531
     0   3157
     0 -32320
     0   5568
     0 -28906
     0    515
     0   5779
     0   4680
     0 -31913
     0 -27635
     0 -27886
     0    752
     0 -28290
     0   5094
     0    635
     0   4203
     0   5650
     0   1158
     0 -29441
     0 -27434
     0 -31331
     0 -29798
     0   4675
     0   1764
     0   2464
     0 -28728
     0   2106
     0   1538
     0 -30056
     0 -30493
     0 -32044
     0   1530
     0 -30825
     0 -32570
     0 -32647
     0   1536
     0  32580
     0  31395
     0 -31983
     0   -366
     0  -2550
     0 -32721
     0   -658
     0  28831
     0   -724
     0   -456
     0  27918
     0  -1506
     0   -732
     0  27317
     0  30572
     0   -520
     0  -5808
     0  29828
     0  32476
     0  -5670
     0  29319
     0   -548
     0  -5732
     0  28516
     0   -634
     0  -5456
     0  27918
     0  31679
     0  28043
     0  -5084
     0  -1460
     0  28323
     0  -4849
     0  30960
     0  -3450
     0  -4761
     0  -2368
     0  29974
     0  28820
     0  -2249
     0  30758
     0  29532
     0  -2740
     0  -1260
     0  30519
     0  -2396
     0  31840
     0   -918
     0  30452
     0   -357
     0    271
     0  31091
     0 -32293
     0   2048
     0  31695
     0 -32133
     0 -29455
     0   -297
     0 -31743
     0   4503
     0    548
     0    999
     0   5594
     0 -31161
     0 -31136
     0 -26523
     0   2425
     0   1440
     0 -26024
     0   3386
     0 -30612
     0   7072
     0 -28668
     0 -30945
     0 -25699
     0 -27953
     0 -30943
     0   5986
     0   5017
     0 -30609
     0   5253
     0   4744
     0   2250
     0   3972
     0 -28100
     0   2000
     0   3444
     0 -29140
     0   2228
     0   2067
     0   2931
     0 -30878
     0 -31929
     0   1801
     0   1878
     0  32680
     0    634
     0   1633
     0  -1047
     0  -1155
     0 -31618
     0  -1632
     0  30239
     0 -32006
     0  -2137
     0  -3857
     0 -32668
     0  -2424
     0  27759
     0  32324
     0  -2994
     0  -6167
     0  31276
     0  -2781
     0  26350
     0  30698
     0  -3109
     0  25865
     0  30154
     0  30578
     0  26068
     0  29658
     0  -2043
     0  -5826
     0  -3225
     0  30214
     0  26496
     0  29466
     0  29990
     0  26944
     0  -3950
     0  -1968
     0  28636
     0  29337
     0  31118
     0  30053
     0  29589
     0  -1698
     0  -1689
     0  -2430
     0  31011
     0  32194
     0  31061
     0  -1520
     0 -32622
     0  31668
     0  31196
     0 -31922
     0  32618
     0  -1372
     0 -30635
     0 -31625
     0  -1436
     0 -29847
     0   2500
     0  31811
     0   3311
     0   3002
     0   -412
     0   3650
     0 -28833
     0   -264
     0 -28823
     0   4770
     0 -32446
     0 -29699
     0 -27215
     0 -31996
     0 -29528
     0   5728
     0 -31138
     0   2634
     0 -26743
     0 -31157
     0 -30299
     0 -27561
     0   2223
     0   1679
     0   4725
     0   2109
     0 -31050
     0 -29351
     0   2730
     0   1210
     0 -30125
     0   2381
     0 -31482
     0   1260
     0   2502
     0   1193
     0    472
     0   2086
     0 -31294
     0   -508
     0   1464
     0   1551
     0  -1275
     0   1004
     0 -30688
     0  30863
     0    403
     0   2023
     0  -2625
     0  32180
     0   1911
     0  29894
     0  -1788
     0 -30946
     0  -3828
     0  30251
     0 -31087
     0  -3780
     0  -3789
     0 -31348
     0  29162
     0  28478
     0    260
     0  28896
     0  27646
     0  32084
     0  29068
     0  -5183
     0  -1443
     0  29085
     0  26942
     0  30436
     0  -3300
     0  27053
     0  29463
     0  -3257
     0  27802
     0  -3539
     0  -2758
     0  -4362
     0  -3916
     0  -2610
     0  -3440
     0  -4017
     0  30324
     0  -2192
     0  28918
     0  -2218
     0   -648
     0  29663
     0  30718
     0    621
     0  -2494
     0  30863
     0   1622
     0  -1666
     0  -1775
     0 -30086
     0   -368
     0  -1420
     0 -29444
     0    413
     0  31075
     0   3912
     0   1738
     0   -900
     0 -28497
     0   2587
     0  31806
     0   4756
     0   3882
     0     92
     0   4127
     0   4074
     0    650
     0   4437
     0 -27688
     0 -31752
     0 -29395
     0   4645
     0 -31368
     0 -30137
     0   4077
     0   2014
     0   2170
     0 -29516
     0 -30889
     0   1154
     0 -30579
     0 -31058
     0 -32202
     0 -31550
     0 -30439
     0 -31814
     0 -31416
     0 -28978
     0   2271
     0 -30878
     0   5175
     0   3787
     0 -30576
     0 -26799
     0 -28037
     0 -30765
     0   6050
     0   5421
     0   1252
     0 -27691
     0 -27750
     0 -32348
     0 -28497
     0 -28305
     0   -419
     0 -30158
     0   3546
     0  30903
     0 -31692
     0   2778
     0  -2932
     0  32176
     0 -31672
     0  28829
     0  -3200
     0   -526
     0  -4975
     0  27815
     0  -2639
     0  26387
     0  25593
     0  -4530
     0  -6867
     0  -8014
     0  -6104
     0  25725
     0  24596
     0  25888
     0  -6357
     0  -7290
     0  25973
     0  27509
     0  26530
     0  26182
     0  -4172
     0  28141
     0  26738
     0  29816
     0  -2775
     0  27504
     0  30805
     0  31625
     0  -4451
     0  -1295
     0    600
     0  29387
     0  32482
     0   2140
     0  -2422
     0    665
     0   3835
     0  -1100
     0   1157
     0   4950
     0 -32606
     0   1644
     0 -26549
     0   1380
     0   2072
     0 -26235
     0   2973
     0 -30230
     0 -25843
     0   3556
     0 -30031
     0 -25910
     0   4891
     0 -29479
     0 -26418
     0   5064
     0 -28945
     0 -27065
     0 -27374
     0   3681
     0   4911
     0 -27467
     0   4157
     0   3960
     0 -27687
     0 -28299
     0 -29750
     0   4494
     0 -28282
     0 -30476
     0 -29047
     0 -28148
     0 -31618
     0   2403
     0 -28322
     0 -32133
     0   1267
     0 -28807
     0  32218
     0  32414
     0 -29508
     0  -1326
     0  30540
     0 -30681
     0  -1991
     0  -3321
     0   1455
     0  30428
     0  27817
     0    266
     0  30510
     0  27570
     0  32052
     0  30031
     0  26408
     0  31397
     0  29493
     0  -6712
     0  -2681
     0  29466
     0  26307
     0  -3030
     0  29293
     0  -6027
     0  28140
     0  -3690
     0  -5646
     0  27924
     0  28804
     0  27978
     0  27511
     0  -3510
     0  -3714
     0  27904
     0  29228
     0  -2494
     0  28640
     0  -3475
     0  31520
     0  -3246
     0  29293
     0   -244
     0  30202
     0  29593
     0    876
     0  31289
     0  -3200
     0 -31070
     0    244
     0  -2326
     0 -30074
     0   1625
     0  30972
     0 -29842
     0 -29759
     0  32048
     0   3884
     0 -28916
     0  32086
     0 -29046
     0   5250
     0    636
     0   3995
     0   5640
     0 -30943
     0 -27939
     0 -25926
     0 -29974
     0   4509
     0   6855
     0 -28893
     0   4758
     0 -26127
     0 -28139
     0   4662
     0 -26435
     0 -27423
     0 -28184
     0   5353
     0   5310
     0   4164
     0   4216
     0 -27384
     0 -29098
     0 -30036
     0   4515
     0   3115
     0 -31436
     0 -29118
     0   2502
     0   -512
     0 -30482
     0 -31008
     0  30706
     0    600
     0    690
     0  29026
     0  31809
     0    -22
     0  27699
     0  29994
     0  -1257
     0  -6611
     0  28358
     0  -2076
     0  25327
     0  -6253
     0  29878
     0  -7512
     0  -6805
     0  -3705
     0  24869
     0  24843
     0  -4264
     0  -7724
     0  -8636
     0  -4684
     0  25664
     0  -8075
     0  27263
     0  -6386
     0  25117
     0  27538
     0  -5514
     0  -6532
     0  -5012
     0  -4060
     0  -4950
     0  -4405
     0  -2845
     0  -3028
     0  -3522
     0  31564
     0  31882
     0  -2483
     0    285
     0   1675
     0  -1017
     0   1521
     0 -29085
     0    471
     0   2907
     0 -26893
     0 -30725
     0 -29205
     0   7525
     0   3882
     0   4799
     0 -23842
     0 -27860
     0 -28045
     0   9180
     0 -27401
     0   4945
     0 -23073
     0 -26638
     0   4940
     0 -23290
     0 -26630
     0 -28394
     0 -24968
     0 -26380
     0 -28695
     0 -25656
     0 -26975
     0 -29386
     0 -27093
     0   5079
     0   2303
     0 -28791
     0 -28980
     0 -30916
     0 -30910
     0 -30557
     0    914
     0 -32678
     0    941
     0 -32435
     0  -1399
     0  32174
     0   -362
     0  -2818
     0  30653
     0  -1062
     0  28618
     0  -3754
     0  31134
     0  27815
     0  -5043
     0  -2002
     0  27543
     0  -5937
     0  -2216
     0  27350
     0  -6628
     0  30802
     0  28062
     0  25595
     0  -2232
     0  -4410
     0  -6696
     0  30988
     0  29438
     0  -6392
     0  -1756
     0  30256
     0  27130
     0  -1437
     0  31368
     0  -4695
     0  -1358
     0  32514
     0  29008
     0  31913
     0 -32493
     0  -2313
     0   -790
     0    939
     0  31706
     0  32581
     0 -31528
     0 -32550
     0     -4
     0 -31508
     0   1276
     0    139
     0 -31740
     0   2020
     0 -32472
     0    373
     0 -30266
     0    744
     0  32668
     0   2769
     0   1071
     0  31752
     0 -30553
     0 -31699
     0  31218
     0 -30692
     0   1051
     0  -2226
     0   1988
     0   1479
     0  29972
     0   1217
     0   1735
     0  29708
     0 -31979
     0 -30844
     0  29828
     0 -32658
     0 -30832
     0  -2346
     0  32484
     0 -30611
     0  30743
     0  32237
     0 -30744
     0  31752
     0   -412
     0 -30609
     0   -125
     0   -267
     0   2283
     0   1032
     0 -32220
     0 -30206
     0 -30672
     0 -31699
     0 -30174
     0   3150
     0   2273
     0 -30218
     0   4135
     0   3402
     0 -30340
     0 -28115
     0 -28615
     0 -30320
     0   5175
     0 -27452
     0   2224
     0 -28069
     0 -26775
     0   2020
     0   4100
     0 -26519
     0 -31270
     0 -29634
     0 -26502
     0   1663
     0   2536
     0   5656
     0    633
     0 -31148
     0 -27560
     0   -494
     0  31792
     0   3400
     0  31028
     0  -2018
     0   1661
     0  30257
     0  -4075
     0  32688
     0  29635
     0  27561
     0  -2282
     0  -4535
     0  25868
     0  -4416
     0  26849
     0  25116
     0  -6210
     0  -6213
     0  24737
     0  -7626
     0  25758
     0  -7920
     0  24413
     0  25374
     0  -7228
     0  24158
     0  -7086
     0  26892
     0  -7883
     0  -6453
     0  28368
     0  25737
     0  26884
     0  30355
     0  27310
     0  -4881
     0  32193
     0  -3450
     0  29368
     0   1411
     0  31176
     0  -2084
     0 -29388
     0    931
     0  32222
     0   5040
     0   3392
     0 -31505
     0   6993
     0   6210
     0 -29994
     0   7681
     0   7659
     0 -28487
     0   8450
     0 -23750
     0 -27349
     0   9017
     0 -23266
     0 -26268
     0   8650
     0   9924
     0 -25576
     0   8288
     0 -23250
     0   7468
     0   6784
     0 -24765
     0 -25823
     0 -27008
     0 -26439
     0 -26590
     0   4332
     0   4322
     0 -27520
     0   2921
     0 -30764
     0 -28886
     0   1150
     0  32088
     0   2004
     0  32260
     0  29294
     0  32436
     0  30593
     0  -5913
     0  30302
     0  -4140
     0  -8802
     0  27635
     0  -5426
     0  22024
     0  25233
     0  25838
     0  20880
     0  -8783
     0  -7779
     0 -12780
     0 -10350
     0  24670
     0  19476
     0 -11421
     0  -7875
     0  20871
     0  21391
     0  -8128
     0  22350
     0  22983
     0  26593
     0  24368
     0  -8065
     0  -5011
     0  27168
     0  -5900
     0  29921
     0  -2329
     0  30299
     0   -630
     0 -31709
     0   1386
     0 -30879
     0 -28282
     0   4986
     0   4491
     0 -24914
     0   8487
     0 -25768
     0  10361
     0  11925
     0   9271
     0  12505
     0 -18297
     0 -22018
     0  13605
     0  15827
     0 -21546
     0 -19356
     0  16478
     0  11708
     0 -19949
     0  16060
     0 -22238
     0  11060
     0 -18430
     0 -23693
     0 -24342
     0 -21032
     0   7082
     0 -27272
     0 -24815
     0   4650
     0 -30918
     0   4770
     0 -30736
     0  -1633
     0   1110
     0  31293
     0  27773
     0  30131
     0  -4255
     0  -7210
     0  -6522
     0  26201
     0  23352
     0  23674
     0  -8640
     0  22630
     0 -11072
     0  -9792
     0  -9966
     0 -11722
     0  -9823
     0  -8811
     0  21602
     0  -9175
     0  -6581
     0  23542
     0  25275
     0  29121
     0  26436
     0  -5025
     0  32594
     0  -2943
     0  -2524
     0 -29370
     0   1157
     0    759
     0   7382
     0   4970
     0 -28718
     0  10409
     0 -24558
     0   6572
     0 -19858
     0  11436
     0 -24311
     0  13772
     0 -19115
     0   9700
     0  13504
     0 -19207
     0   9906
     0  12528
     0 -20898
     0   8425
     0   9237
     0   9059
     0   5380
     0   5080
     0 -28323
     0 -31319
     0  32194
     0  -1014
     0  29258
     0  -6241
     0  -7531
     0  -8841
     0 -12446
     0  18742
     0 -14155
     0 -18706
     0 -20862
     0  13318
     0 -24099
     0 -27131
     0   8511
     0 -28239
     0 -31715
     0   4743
     0 -30765
     0  31474
     0 -29853
     0    750
     0  -3012
     0 -30409
     0 -30654
     0  30744
     0   4328
     0 -26524
     0 -30189
     0 -25247
     0 -22650
     0   7086
     0  13470
     0  17398
     0 -18195
     0 -13875
     0  -7756
     0  23682
     0  28831
     0 -31081
     0 -30806
     0 -27218
     0  12621
     0 -18517
     0  17376
     0  -9862
     0  -7287
     0  28603
     0   1065
     0   4548
     0   6742
     0 -22541
     0 -18351
     0  16020
     0  18204
     0  21938
     0 -10763
     0  20713
     0  22345
     0 -14286
     0 -21253
     0   9636
     0 -29976
     0  24593
     0 -11867
     0 -17468
     0 -27413
     0   4462
     0   2410
     0  28598
     0  -1402
     0    497
     0  -6023
     0  -5377
     0  -4140
     0  21224
     0 -11766
     0  21026
     0 -22326
     0 -26484
     0 -27622
     0  -5410
     0  21175
     0 -12557
     0 -21446
     0 -24543
     0  11815
     0 -23302
     0 -20480
     0 -12307
     0  25297
     0  30906
     0 -24162
     0  14614
     0 -14720
     0  24395
     0  -4505
     0  -3162
     0   -630
     0 -30162
     0   4346
     0 -26551
     0  11506
     0 -17854
     0 -15697
     0  -8294
     0  -2081
     0 -32461
     0   7497
     0  13516
     0  12952
     0 -15201
     0  21281
     0  16732
     0 -15379
     0 -13810
     0 -21387
     0  10194
     0  11591
     0 -27421
     0   4033
     0 -24672
     0 -29176
     0 -29050
     0 -22565
     0 -25881
     0 -27062
     0   9842
     0 -27942
     0  32402
     0   -920
     0  -8818
     0 -17787
     0  10811
     0 -31498
     0  24222
     0 -13275
     0  12818
     0   5504
     0   3958
     0 -31283
     0  -2120
     0  31260
     0  -1720
     0  -2755
     0  -3166
     0  -2782
     0  28552
     0  26003
     0  25728
     0  24542
     0 -10974
     0  22116
     0  -9165
     0  21484
     0  -9557
     0  27768
     0  -5049
     0  30992
     0 -26387
     0   8281
     0 -21250
     0 -12537
     0  20925
     0  21401
     0  -4514
     0  27213
     0  -6667
     0   -382
     0  32309
     0  -1890
     0 -26921
     0 -24511
     0   7802
     0  14928
     0 -14396
     0  16351
     0 -10077
     0  24564
     0  20600
     0  23861
     0  24204
     0 -14099
     0 -15008
     0  16668
     0 -21318
     0   9684
     0   8553
     0   3925
     0 -30414
     0   2802
     0    127
     0  31077
     0  31963
     0  31328
     0  30107
     0  30159
     0  30020
     0  -5156
     0  26160
     0  -5795
     0  -8297
     0 -10839
     0  23968
     0 -10121
     0  20792
     0  -8128
     0  24371
     0  21888
     0  -6500
     0  -6171
     0 -10300
     0  -6827
     0  25816
     0  20836
     0  -8487
     0  25130
     0  19561
     0  22148
     0  -8386
     0 -13376
     0 -10173
     0  25798
     0 -10824
     0  -7610
     0  -3043
     0  25850
     0  27468
     0  31360
     0  -5070
     0  27434
     0  -2925
     0  -5836
     0  25918
     0  28355
     0  -6767
     0  25767
     0  27988
     0  28766
     0  29533
     0    156
     0   3095
     0   4860
     0 -25036
     0 -20827
     0 -19635
     0  15298
     0 -12870
     0  21231
     0  21940
     0  -6224
     0  -3893
     0  -4398
     0    784
     0 -29087
     0 -30469
     0 -25359
     0  11707
     0   9190
     0 -19980
     0 -16646
     0  11428
     0  12989
     0 -17626
     0 -24474
     0 -25850
     0   8632
     0 -31821
     0  -2042
     0    184
     0  26900
     0  -9250
     0  -6257
     0 -13076
     0 -16529
     0  17850
     0 -20574
     0 -25741
     0 -26926
     0   -147
     0  24546
     0  22668
     0 -16923
     0 -25528
     0   2967
     0  -3656
     0 -11540
     0 -16842
     0  11010
     0 -28477
     0 -32122
     0   -549
     0  -2360
     0  29654
     0 -31608
     0   6414
     0   9759
     0  17796
     0  26488
     0  31111
     0 -26716
     0 -19001
     0  13210
     0  15164
     0  20293
     0 -15150
     0  18344
     0  24246
     0  -9340
     0  26338
     0   3960
     0 -27075
     0   8567
     0 -13764
     0  22500
     0  -4947
     0 -23777
     0 -19259
     0 -17272
     0  -7798
     0  -4996
     0  26992
     0  -1300
     0  28732
     0  20412
     0  18913
     0  14476
     0   5595
     0 -30552
     0  -1293
     0  24597
     0  23669
     0  -9948
     0  17680
     0  14590
     0  11737
     0   6267
     0   -772
     0  26648
     0 -13431
     0 -23126
     0 -29663
     0  -2732
     0 -10792
     0 -14839
     0  17117
     0 -19762
     0 -20582
     0  16569
     0  16142
     0  16641
     0 -10579
     0 -10661
     0  21511
     0  27913
     0  27358
     0  -9778
     0  -7356
     0 -10205
     0 -16063
     0  20231
     0 -13567
     0  14326
     0  20889
     0  -6962
     0  26253
     0   3598
     0  12846
     0 -17159
     0  -5142
     0 -26549
     0   9475
     0  17814
     0  26608
     0  27305
     0  32436
     0 -28244
     0 -29611
     0   3919
     0   6252
     0   4419
     0 -29324
     0   5429
     0 -27906
     0   3399
     0 -28927
     0 -29536
     0 -31900
     0   -989
     0  -1806
     0  26506
     0 -11496
     0 -13955
     0 -19805
     0   5637
     0 -29493
     0  -1664
     0  24217
     0  -8128
     0  23274
     0  18197
     0 -12075
     0  21959
     0 -14868
     0  21545
     0  -9290
     0 -14265
     0  20730
     0  23517
     0 -15281
     0  17648
     0 -12566
     0  14755
     0 -17321
     0 -12400
     0 -15962
     0 -14542
     0  25880
     0  -6510
     0  30368
     0 -27444
     0 -25248
     0  10922
     0  19385
     0  21940
     0  -8943
     0  -4055
     0  -3093
     0  -4117
     0  31184
     0  -2337
     0  -5087
     0  -5931
     0  24437
     0  20610
     0 -15799
     0  14056
     0   9616
     0   4834
     0 -30160
     0  32041
     0  -6805
     0  24368
     0 -10875
     0  15558
     0  13620
     0  12448
     0   6475
     0   6272
     0 -25300
     0   2453
     0 -29752
     0   6394
     0   2350
     0 -29766
     0   7294
     0 -29411
     0 -30406
     0   7028
     0   4353
     0 -28704
     0   9346
     0   7012
     0   6904
     0  14315
     0  14323
     0  14702
     0 -11025
     0  23015
     0  23798
     0  31498
     0    889
     0   2186
     0   7825
     0 -21083
     0 -20393
     0 -15836
     0  20066
     0  19991
     0  22681
     0  -7287
     0  -7042
     0  25740
     0  -6308
     0  26323
     0  -8661
     0  23598
     0 -10264
     0 -13952
     0  16918
     0 -16505
     0 -21743
     0   8642
     0   8755
     0 -29085
     0   1515
     0 -29489
     0  32293
     0  -2034
     0   1909
     0  31710
     0  -3362
     0 -32719
     0  29127
     0  25196
     0  -4738
     0  22868
     0 -16629
     0 -15317
     0 -19079
     0   7106
     0   8956
     0 -26960
     0   -714
     0 -30903
     0   2193
     0  31145
     0   1431
     0 -29083
     0 -30834
     0   5946
     0   9043
     0   9302
     0 -19315
     0  17816
     0 -13470
     0  22682
     0  27798
     0  30401
     0   1542
     0   6660
     0  11150
     0  15331
     0 -11921
     0  -5578
     0  30716
     0   2012
     0   8984
     0  11800
     0  14457
     0  20770
     0  22109
     0 -10418
     0  -4082
     0  29734
     0  -4386
     0 -32136
     0 -31648
     0  31179
     0 -29962
     0   2240
     0  -3716
     0  -1667
     0  -2437
     0 -10726
     0  21033
     0 -14818
     0 -24764
     0 -29420
     0  -2890
     0  14346
     0   4889
     0  28436
     0 -20400
     0 -31253
     0  25381
     0  14101
     0   9607
     0 -22890
     0   5636
     0 -26791
     0 -20837
     0 -17729
     0 -14670
     0  22302
     0  -9780
     0 -11453
     0  21372
     0 -12232
     0 -15227
     0 -17714
     0 -17885
     0  14144
     0  13160
     0 -17857
     0  15847
     0 -15295
     0  27236
     0   3454
     0 -23779
     0 -12192
     0   -149
     0   8874
     0  -9468
     0 -32509
     0   -117
     0 -28130
     0 -23194
     0   5594
     0   6454
     0   7585
     0   1220
     0   2872
     0   9933
     0 -24082
     0 -20935
     0 -13462
     0 -14068
     0 -11360
     0  27988
     0  24763
     0 -10611
     0 -10801
     0 -19316
     0 -26674
     0   2145
     0  24452
     0 -18343
     0 -23366
     0 -30673
     0  -4117
     0  26752
     0  -7951
     0 -11550
     0 -11130
     0  21781
     0 -12510
     0  18613
     0 -16020
     0  12627
     0 -26516
     0 -31622
     0  -5341
     0  16413
     0 -24175
     0 -30082
     0  26434
     0  22211
     0 -10918
     0 -15901
     0  18054
     0  -8164
     0  -6635
     0   -896
     0 -22655
     0  13100
     0  17842
     0  29509
     0  31924
     0   1114
     0   9548
     0 -21535
     0 -22307
     0  18508
     0 -11448
     0 -11222
     0  29535
     0   1621
     0   2547
     0  11625
     0  15776
     0  17910
     0  -9781
     0  26528
     0  25581
     0  28225
     0  28608
     0  -7800
     0  24057
     0  24006
     0 -12313
     0  19806
     0 -13041
     0 -13319
     0 -13688
     0  20738
     0 -10351
     0  22154
     0  22694
     0  -4410
     0   3710
     0  10481
     0 -22132
     0   3407
     0  32725
     0   2014
     0  27178
     0  13940
     0   9006
     0   4650
     0  -1557
     0  31287
     0  29422
     0  27250
     0 -30931
     0 -26715
     0   3796
     0  10159
     0 -16118
     0  15420
     0 -11389
     0  26159
     0  26134
     0 -31248
     0   2845
     0  -9938
     0 -15374
     0 -16793
     0 -26592
     0  -1060
     0  26799
     0 -15423
     0 -21202
     0 -22225
     0 -28197
     0 -31052
     0   2698
     0   2204
     0 -29775
     0 -26669
     0   8594
     0  11280
     0  15488
     0  21083
     0  -7858
     0  28343
     0  31760
     0  31438
     0  -3291
     0  31935
     0  31577
     0  27268
     0  -4037
     0  29817
     0  26164
     0  -4717
     0  30132
     0  -5675
     0   -774
     0 -27290
     0 -29885
     0   5736
     0 -20964
     0  11386
     0  16745
     0  -7006
     0  -2708
     0 -25612
     0 -12660
     0  22355
     0  27292
     0   3828
     0   4172
     0   3129
     0 -25497
     0 -32104
     0  27950
     0  -6406
     0 -12577
     0 -20702
     0   7405
     0  -1493
     0  -8306
     0  23151
     0 -14277
     0  11372
     0   7044
     0   2018
     0  28251
     0  21222
     0 -16920
     0 -24839
     0  30389
     0 -11257
     0  11404
     0  30512
     0  20925
     0   9563
     0  -5661
     0  17372
     0 -22296
     0  29642
     0 -10914
     0  20590
     0  15449
     0  12965
     0 -15739
     0  18747
     0  -6936
     0 -27492
     0  12894
     0  26318
     0  14885
     0  28076
     0   6856
     0  30777
     0 -15522
     0  29122
     0  21332
     0  21756
     0 -12491
     0  -6502
     0  28567
     0  -1208
     0 -28515
     0 -11507
     0  11289
     0  -7536
     0  -6176
     0  16103
     0 -32444
     0 -18114
     0   1004
     0 -25216
     0  32470
     0 -28681
     0  21723
     0 -16095
     0  12592
     0   2500
     0  18405
     0 -10227
     0 -23232
     0  14978
     0 -17336
     0 -23083
     0   8545
     0 -17789
     0  18602
     0  -9617
     0  10424
     0 -32712
     0 -12200
     0 -19535
     0   4206
     0  -4565
     0  31077
     0   5868
     0  20882
     0 -16153
     0 -22262
     0   7483
     0  15586
     0 -15755
     0 -29634
     0 -11982
     0  -2248
     0  -3146
     0  30042
     0  -5060
     0 -11447
     0  30800
     0 -21237
     0 -13717
     0 -32518
     0  15663
     0  -8195
     0   -279
     0 -30332
     0  -4834
     0 -13016
     0  14482
     0 -25220
     0   5954
     0   9901
     0 -15505
     0  25544
     0 -28403
     0  12357
     0  13624
     0 -25262
     0  26550
     0 -30051
     0 -28336
     0   6291
     0   2993
     0  -2665
     0  31650
     0 -27045
     0  17392
     0 -18890
     0  16490
     0 -12580
     0   4327
     0  24536
     0 -21912
     0   5406
     0  -7085
     0   -794
     0 -23449
     0  16568
     0  10660
     0 -25409
     0   3193
     0 -10102
     0  15884
     0  12063
     0 -30907
     0 -29641
     0  18036
     0  -4309
     0 -22430
     0  31625
     0 -12775
     0 -18016
     0 -20729
     0  31937
     0 -17540
     0    331
     0  11826
     0 -16309
     0  19636
     0 -17155
     0 -26222
     0  -2552
     0 -14618
     0 -30493
     0 -12930
     0 -29690
     0  12078
     0  17655
     0  28313
     0   7622
     0 -17257
     0  -4496
     0 -19848
     0 -29460
     0 -28096
     0 -23722
     0 -23464
     0 -14555
     0  28855
     0  25495
     0  21868
     0 -11447
     0 -22648
     0  28884
     0  11647
     0  18580
     0   3177
     0    386
     0  24908
     0  -8426
     0 -29032
     0 -21239
     0  27865
     0  -3381
     0  -2864
     0  27534
     0  30393
     0  29591
     0  26018
     0  -9985
     0 -24172
     0 -13328
     0  -4330
     0   -740
     0  25898
     0 -10983
     0 -13315
     0 -20580
     0   5446
     0 -30182
     0   -109
     0  -2304
     0  30411
     0  29502
     0  -6484
     0  25945
     0  -7844
     0  17567
     0  11539
     0   6829
     0  25568
     0  10666
     0  30700
     0   8237
     0  19743
     0   3407
     0 -21592
     0  17654
     0 -28342
     0  23909
     0   8690
     0 -30522
     0  27006
     0  24970
     0   4835
     0 -22207
     0 -24796
     0 -15588
     0  -3788
     0 -28092
     0  16643
     0  23943
     0  -5789
     0   6938
     0 -11295
     0  25150
     0  -4473
     0 -31195
     0 -27225
     0 -18900
     0 -11422
     0  22740
     0  -4190
     0  10148
     0  -8908
     0   1176
     0 -17469
     0  -3886
     0 -24822
     0 -13880
     0  -5348
     0  32074
     0   3174
     0 -29748
     0  29744
     0  -5145
     0   2196
     0 -28201
     0   1527
     0   8503
     0  20431
     0  -7717
     0  30046
     0   3802
     0  10928
     0 -16881
     0 -26228
     0    588
     0 -20612
     0   5553
     0 -27629
     0  22124
     0 -13525
     0   -241
     0 -22210
     0  27234
     0 -23850
     0  31932
     0  21212
     0  26848
     0    -14
     0  -7391
     0  27704
     0  25660
     0 -25535
     0 -13756
     0 -12196
     0  26108
     0   5970
     0 -25999
     0  20886
     0 -26005
     0 -15141
     0  25456
     0  32691
     0 -20906
     0 -27986
     0   9323
     0  32637
     0   1952
     0  -9748
     0  -8298
     0 -11801
     0 -20144
     0  24534
     0  26778
     0  -5434
     0 -18568
     0  -9316
     0  -7465
     0  -2143
     0 -31679
     0  -1228
     0 -16438
     0   4782
     0  27469
     0     67
     0  -3005
     0  21282
     0  -7820
     0  16015
     0  13068
     0  25722
     0  30360
     0  26558
     0  -7537
     0  25753
     0 -31376
     0  -6296
     0  -5810
     0 -11242
     0  16145
     0 -29000
     0  20473
     0   6312
     0  26763
     0  14384
     0 -13777
     0 -30042
     0 -14338
     0  -2553
     0 -32137
     0  -5784
     0 -23768
     0  10233
     0  27871
     0 -26856
     0  21476
     0   4882
     0  19087
     0  11292
     0 -14318
     0   1161
     0  29172
     0  -3600
     0  14478
     0 -30974
     0   3393
     0  -3104
     0 -19076
     0 -30616
     0  -2933
     0  29246
     0  24595
     0 -24843
     0  20664
     0  30230
     0 -17434
     0 -20006
     0 -30177
     0 -22768
     0 -22486
     0  25822
     0   7625
     0 -16254
     0 -21253
     0  27783
     0  26187
     0   3953
     0 -11422
     0 -19577
     0  19364
     0 -10282
     0  15068
     0   3551
     0 -17369
     0  10962
     0  -4380
     0   -388
     0  27319
     0  19168
     0 -17338
     0  16669
     0  25099
     0 -15994
     0  25410
     0  15220
     0 -12709
     0 -29374
     0  21202
     0 -17893
     0  17747
     0   9351
     0  10658
     0   1181
     0 -24194
     0 -29826
     0  25373
     0  32402
     0  29261
     0 -28720
     0 -15361
     0   5323
     0 -25827
     0   8664
     0 -20184
     0  32290
     0  18510
     0  -3116
     0 -20160
     0  -5548
     0  31317
     0    966
     0  30283
     0 -19915
     0  -6128
     0  32693
     0 -10164
     0 -25966
     0  -8734
     0 -22089
     0   6524
     0  12043
     0 -11953
     0   7300
     0 -26430
     0 -22741
     0  20613
     0   2273
     0  16510
     0   -926
     0 -17492
     0  29303
     0   9694
     0  23966
     0   2451
     0 -28605
     0   2416
     0   6236
     0   3793
     0  -8740
     0 -13585
     0  20887
     0  22859
     0 -30982
     0  -5401
     0  26726
     0 -32547
     0   1802
     0 -30984
     0 -16766
     0  18525
     0  27245
     0  31460
     0 -31143
     0 -11106
     0 -28256
     0  15368
     0 -17390
     0  20025
     0 -30191
     0 -18826
     0  -3568
     0  16394
     0 -31546
     0  28704
     0  31191
     0  24023
     0  17818
     0 -10374
     0  -2444
     0   1939
     0   6294
     0 -26839
     0 -28048
     0   1658
     0  21398
     0  32416
     0 -23715
     0 -15085
     0  -6709
     0   1830
     0 -14352
     0 -20297
     0  14581
     0  -5881
     0   9572
     0  27902
     0  -4660
     0  30484
     0  15411
     0  26832
     0  10825
     0  -6092
     0 -32621
     0 -11865
     0  27268
     0  12590
     0   3374
     0   7977
     0   -199
     0  -6088
     0  -6735
     0 -20162
     0 -15678
     0 -13652
     0  29226
     0  -6236
     0    868
     0  16309
     0 -27818
     0 -20751
     0   9109
     0 -26424
     0  23658
     0  24332
     0  15546
     0  -1665
     0 -18433
     0 -25891
     0   4304
     0  31587
     0 -31436
     0 -17151
     0   6218
     0  26616
     0  13372
     0 -25889
     0 -27630
     0  -3726
     0 -24086
     0 -12446
     0 -21361
     0  -4056
     0 -32387
     0  -4451
     0 -25460
     0  14732
     0  26072
     0  -1539
     0  32506
     0 -10139
     0  -7965
     0   8707
     0 -17984
     0 -15860
     0 -29826
     0 -21950
     0   -293
     0 -18178
     0  20819
     0  20666
     0  30011
     0  26422
     0 -10384
     0 -19210
     0   4037
     0  29302
     0  12495
     0  -5202
     0  -1235
     0  14369
     0 -11740
     0  20184
     0  14510
     0 -19677
     0 -29203
     0 -27151
     0  13028
     0    973
     0 -21126
     0  24790
     0  30263
     0  30118
     0   1825
     0 -15694
     0  13336
     0  16682
     0  24906
     0 -19174
     0  19368
     0  29122
     0   -507
     0  10582
     0 -25339
     0 -25912
     0  13438
     0  -6189
     0 -16943
     0 -10532
     0 -22110
     0   1608
     0 -14520
     0   7452
     0  14087
     0  10531
     0  18553
     0 -29742
     0  14312
     0 -12326
     0 -14044
     0 -14706
     0   4758
     0 -29254
     0  21876
     0 -12098
     0  -9100
     0  30372
     0 -30257
     0 -10807
     0  -6297
     0 -22728
     0  -2426
     0 -25946
     0 -23969
     0  30874
     0 -16564
     0 -22357
     0  11795
     0  -7564
     0  19312
     0  -6030
     0 -22284
     0 -26999
     0  10367
     0 -13898
     0  23832
     0 -12978
     0  32482
     0  -5778
     0 -29333
     0  -6910
     0   1247
     0  15113
     0  22888
     0  12325
     0  17558
     0 -11937
     0 -27755
     0  23559
     0   8946
     0 -28712
     0  -3623
     0 -27067
     0  32755
     0  -9508
     0  -9053
     0 -11613
     0  12756
     0    318
     0 -27262
     0 -25388
     0 -26794
     0  15505
     0  20979
     0 -29764
     0 -15564
     0 -28188
     0 -23985
     0  18232
     0  -2346
     0  -2450
     0 -16275
     0 -22761
     0   2936
     0  -9983
     0   6166
     0 -19239
     0 -26654
     0   7226
     0 -11990
     0  -8197
     0  17566
     0   -436
     0 -14116
     0 -15001
     0  22011
     0   5145
     0   3350
     0 -20970
     0 -31213
     0  31240
     0 -16304
     0  -7975
     0    546
     0   3696
     0   2151
     0 -12125
     0 -18248
     0   8422
     0 -18137
     0 -21912
     0  27229
     0 -12208
     0  15538
     0 -13402
     0 -17608
     0 -16340
     0  17810
     0 -25023
     0 -20898
     0  14567
     0 -14539
     0  17660
     0  10230
     0 -30228
     0 -12345
     0  25823
     0  26050
     0  19395
     0  10381
     0   4722
     0 -31548
     0  28148
     0  -6269
     0  30932
     0   5633
     0  12330
     0  22047
     0 -32091
     0 -22321
     0  21452
     0 -29682
     0 -15110
     0   3889
     0  22311
     0  29196
     0    351
     0  10358
     0   7866
     0 -12735
     0  26882
     0   -811
     0 -29086
     0 -16994
     0  29519
     0 -17772
     0 -13488
     0  -5401
     0  -1245
     0 -15225
     0 -23056
     0 -11780
     0  30742
     0  16358
     0   9118
     0   1694
     0 -23971
     0   -277
     0   4060
     0   7253
     0  10721
     0 -28165
     0 -12831
     0 -26955
     0 -26935
     0  30786
     0  -1307
     0  12015
     0  27811
     0 -21962
     0 -27793
     0 -27992
     0 -27032
     0 -29034
     0   2102
     0  -4569
     0  12190
     0  -9922
     0   5328
     0  -3310
     0  24826
     0 -13450
     0 -22983
     0 -31817
     0 -31778
     0   2579
     0 -27420
     0  -3694
     0 -19701
     0 -24339
     0  29897
     0  19588
     0   8650
     0  24384
     0  -7674
     0 -12300
     0   9376
     0  31154
     0  22920
     0 -26895
     0  12557
     0  23342
     0   3200
     0 -19562
     0  -4016
     0  -5215
     0  28793
     0 -19432
     0 -22588
     0 -18785
     0  -2564
     0   8951
     0  -4245
     0  -5073
     0   -872
     0   -354
     0  30752
     0 -11226
     0 -18860
     0   2473
     0  29314
     0  30932
     0  10724
     0  17328
     0  26253
     0  32004
     0  10624
     0  18714
     0 -27066
     0   7308
     0  -3700
     0 -18904
     0 -11733
     0  11517
     0  26414
     0 -29073
     0   8980
     0  22618
     0   3029
     0   9024
     0  12163
     0  19712
     0  23527
     0  -9537
     0 -30946
     0  12452
     0 -11658
     0   1299
     0  14878
     0  27599
     0 -15750
     0  17664
     0   6086
     0  11968
     0  13237
     0 -12522
     0  25808
     0  11444
     0  -9525
     0   5901
     0 -17459
     0  25258
     0  20906
     0   3318
     0  32230
     0 -17772
     0 -17533
     0  20360
     0  -4218
     0   4835
     0   4958
     0  -8939
     0  -1948
     0  26056
     0  14418
     0  -4244
     0   1854
     0 -29474
     0 -23085
     0  -9778
     0   7557
     0  13475
     0  13724
     0 -12067
     0 -25105
     0  10532
     0   6066
     0 -10127
     0  15037
     0  31274
     0  18117
     0 -15227
     0 -31843
     0  17106
     0   4174
     0 -30187
     0 -20741
     0  28402
     0  17878
     0  17542
     0   3502
     0  -4749
     0  -7437
     0   9300
     0  -2142
     0 -19708
     0 -29851
     0  -6503
     0  27752
     0 -13229
     0 -29625
     0   3072
     0  30156
     0  -4748
     0  -9723
     0  12915
     0   8099
     0 -25533
     0 -16692
     0  -1351
     0 -15186
     0 -17859
     0    204
     0 -28194
     0 -16337
     0   1893
     0  -8185
     0 -27618
     0 -30799
     0 -14126
     0  14476
     0  31144
     0 -18589
     0 -17500
     0 -24910
     0  25717
     0  -3557
     0  -5520
     0  27065
     0   2257
     0 -11768
     0 -29002
     0  -7216
     0  24520
     0 -14553
     0  20714
     0  21140
     0 -15438
     0  27319
     0 -20327
     0  25799
     0   3985
     0  32288
     0  -9875
     0 -16641
     0 -26960
     0 -30570
     0 -17982
     0    922
     0  -2746
     0   7307
     0  22920
     0   7438
     0  -7924
     0 -28694
     0  10629
     0  11430
     0 -31058
     0 -19474
     0  -5994
     0  13116
     0  -5358
     0   5157
     0  -6917
     0  24215
     0  23872
     0  27041
     0  -3301
     0  28202
     0   4015
     0 -12151
     0  -8764
     0  -9095
     0   2495
     0  23105
     0 -17590
     0  28120
     0  -9956
     0  -4854
     0  13099
     0  10170
     0 -13222
     0  -7432
     0    781
     0  26100
     0  -3144
     0 -16171
     0    670
     0 -24125
     0  -7239
     0  32658
     0   -975
     0  -7870
     0  -7762
     0 -20761
     0  28711
     0 -26496
     0  -9564
     0 -15044
     0 -15680
     0  14080
     0 -28901
     0 -11837
     0  12860
     0  -3640
     0 -31745
     0 -23148
     0  -7281
     0  -3760
     0  18028
     0 -15892
     0  -4308
     0  30767
     0  -8958
     0  22334
     0 -13846
     0  10023
     0 -23879
     0 -17424
     0  18160
     0 -16279
     0 -26474
     0  28609
     0  23076
     0  22450
     0  23828
     0 -22548
     0 -24861
     0 -16736
     0  27508
     0  11512
     0  12424
     0  21780
     0  31078
     0 -27300
     0  19202
     0 -26332
     0   -509
     0  26080
     0 -10621
     0 -23999
     0 -16175
     0   5778
     0 -25609
     0 -13062
     0 -26119
     0   6174
     0   8904
     0  -2536
     0  28507
     0 -31980
     0     -5
     0  20670
     0  26268
     0  -9513
     0  -2431
     0  -5712
     0  29190
     0 -17250
     0  15032
     0  11860
     0  28704
     0 -27893
     0  21298
     0 -25142
     0  28513
     0  29101
     0 -26482
     0  29569
     0 -23603
     0 -14154
     0 -29266
     0 -26191
     0 -24354
     0  19514
     0 -32498
     0  -5720
     0  12908
     0  24815
     0  31111
     0  27476
     0 -28316
     0   5358
     0 -13253
     0 -32452
     0 -11846
     0   1681
     0  -1724
     0 -29847
     0 -13549
     0  26691
     0  25096
     0  -2323
     0   2905
     0  29769
     0  10536
     0 -23302
     0  -4846
     0  30633
     0  25857
     0 -10202
     0  20341
     0  -8664
     0 -24856
     0   2630
     0   4764
     0  10698
     0  -8445
     0 -17307
     0    221
     0   7586
     0 -14348
     0  23997
     0  11626
     0  20011
     0 -22011
     0   1463
     0 -14778
     0  22413
     0 -22214
     0  29578
     0   6275
     0 -26090
     0  23438
     0  29330
     0  18709
     0 -22590
     0  -7878
     0  21584
     0  20112
     0   5193
     0  -1556
     0 -12485
     0 -20286
     0  11387
     0 -15438
     0 -10795
     0  -1783
     0  11074
     0  28204
     0  17490
     0  24752
     0 -10451
     0  -5386
     0   6271
     0  26090
     0  11288
     0  27486
     0 -29314
     0   -144
     0  16954
     0  18030
     0 -30628
     0    962
     0 -11860
     0 -28537
     0  17954
     0  -3918
     0 -11381
     0  -2708
     0  15117
     0  17391
     0 -29493
     0  23918
     0 -15326
     0  14924
     0  -1987
     0   4444
     0 -27471
     0 -16046
     0  16839
     0  22416
     0  23506
     0 -14989
     0  20504
     0  -1177
     0 -16078
     0   4116
     0  24550
     0  25904
     0 -24634
     0 -20028
     0 -16328
     0  12143
     0  15373
     0 -23293
     0   1928
     0  27068
     0 -13991
     0   8220
     0 -13234
     0  17450
     0 -21263
     0   3698
     0 -10494
     0 -26384
     0  -3960
     0  24775
     0  -7061
     0   2202
     0  19786
     0   8886
     0  -1195
     0 -10718
     0   7092
     0 -12172
     0  -2228
     0  -2406
     0  24759
     0  19691
     0 -29260
     0  18789
     0 -20463
     0   2669
     0  22157
     0  16912
     0   6932
     0  23783
     0  23055
     0  -6579
     0  22140
     0  25484
     0 -22169
     0   1101
     0 -14346
     0 -13460
     0 -14209
     0  28497
     0  27593
     0   8239
     0 -11775
     0  30911
     0  10414
     0  12168
     0  17402
     0 -29893
     0  18524
     0  10921
     0  -2823
     0  10318
     0 -10875
     0  -1754
     0 -23080
     0 -10345
     0   6700
     0  -4427
     0 -24006
     0 -23234
     0  -9710
     0  31624
     0   2928
     0 -17069
     0 -14827
     0  -1342
     0  -7636
     0  19328
     0  16139
     0 -23320
     0 -26852
     0  17736
     0  26951
     0 -27301
     0  14127
     0  26974
     0  26044
     0 -17454
     0  27673
     0  17248
     0 -32126
     0  28777
     0  31469
     0 -22714
     0 -11106
     0   -762
     0 -20097
     0  15453
     0 -24923
     0 -15688
     0 -16976
     0 -10991
     0 -12839
     0 -17213
     0    662
     0 -18034
     0 -27223
     0  -3406
     0   -245
     0   -376
     0   8645
     0  27676
     0  13454
     0  12045
     0  24354
     0  29033
     0  16805
     0  10248
     0 -11790
     0  -6080
     0 -18090
     0 -32218
     0 -14537
     0 -18722
     0  23646
     0 -28810
     0  30732
     0 -18177
     0 -24603
     0 -19325
     0  -3045
     0  27098
     0  18771
     0 -11932
     0 -27311
     0 -21422
     0 -18506
     0  -4991
     0  -6536
     0  29868
     0  27738
     0  13601
     0  -3874
     0 -24756
     0   2780
     0  24118
     0  28897
     0  28814
     0  -8377
     0  -8998
     0  14230
     0   6231
     0  20584
     0  10276
     0 -14164
     0 -20644
     0 -18911
     0  20388
     0   8042
     0  10506
     0  19249
     0  23230
     0  19734
     0  11033
     0  26428
     0  27972
     0  20982
     0 -25796
     0 -16725
     0  24457
     0 -26934
     0  -8228
     0 -14284
     0  -7470
     0  11438
     0 -14593
     0 -14180
     0  28357
     0 -25753
     0   7892
     0  26116
     0  13212
     0  32566
     0  19815
     0   5034
     0  20550
     0 -11150
     0   1872
     0 -19221
     0  14835
     0 -25160
     0  16014
     0   5959
     0   6185
     0   5173
     0  30736
     0  -1769
     0  28088
     0  -9910
     0  20119
     0  16337
     0 -14797
     0 -17844
     0   -210
     0 -12822
     0 -29604
     0  13512
     0  -8298
     0  14962
     0 -20944
     0  17172
     0  -1358
     0  24837
     0 -27364
     0   5572
     0 -12912
     0  17373
     0  -4279
     0  -8796
     0  28400
     0  21118
     0    565
     0  28700
     0  13736
     0   9250
     0  24811
     0  28158
     0 -12127
     0 -16287
     0 -19100
     0 -17312
     0   6607
     0  -1544
     0  29388
     0   7176
     0   9322
     0   8209
     0    580
     0  -5556
     0  -1708
     0   2460
     0   7863
     0 -11293
     0 -12172
     0  12475
     0   8395
     0  14224
     0 -29868
     0  26974
     0 -24900
     0  -5959
     0    386
     0  12916
     0 -12930
     0  21517
     0  24490
     0   2159
     0 -20302
     0 -21968
     0   -928
     0  17775
     0   3628
     0  12066
     0  14780
     0  30537
     0  20386
     0   9521
     0   8247
     0 -12885
     0  32616
     0 -25269
     0 -27370
     0    610
     0   6229
     0 -18524
     0 -15837
     0  -8681
     0  32700
     0  11167
     0 -28453
     0  17650
     0  -2637
     0 -21952
     0 -21023
     0 -26785
     0  24185
     0 -22612
     0 -10456
     0  12292
     0  -5693
     0 -25304
     0 -22939
     0  24701
     0  25484
     0 -10668
     0  30797
     0 -31945
     0 -11043
     0  -8182
     0 -21354
     0 -13006
     0   6342
     0    327
     0 -11547
     0   2074
     0 -15448
     0     42
     0  21937
     0  -7800
     0  -9845
     0  32190
     0   4682
     0 -12668
     0 -11447
     0  19781
     0  -6876
     0  22126
     0   5836
     0  12321
     0 -28359
     0  25207
     0 -28888
     0  -3303
     0 -31167
     0 -22298
     0   9742
     0  24184
     0   3830
     0  -8238
     0 -12030
     0 -19964
     0 -17104
     0 -30881
     0  -5983
     0  24382
     0  -8834
     0 -13735
     0 -20511
     0 -29782
     0  30855
     0  23323
     0 -20262
     0  -5693
     0  15283
     0  -6986
     0   8293
     0  -2548
     0 -30847
     0 -17658
     0 -19176
     0   6712
     0  20922
     0   7980
     0 -20612
     0  29808
     0 -17078
     0 -25796
     0   8566
     0  -2352
     0  22992
     0 -12367
     0 -27901
     0 -32602
     0  29811
     0  30530
     0 -30299
     0 -10037
     0  24949
     0  27291
     0 -10811
     0 -15182
     0  12988
     0 -31811
     0 -16336
     0 -17738
     0   9091
     0  21130
     0  15372
     0  15494
     0 -13012
     0 -15593
     0  11504
     0  32734
     0  15816
     0  19091
     0   9391
     0 -13682
     0 -25404
     0  24601
     0 -12714
     0  27420
     0  10846
     0  -3688
     0 -29137
     0 -19813
     0   7073
     0 -22987
     0 -22688
     0 -24038
     0 -15275
     0 -27595
     0   -474
     0   7094
     0  25365
     0 -16734
     0 -24076
     0 -32178
     0 -12932
     0 -30256
     0  12560
     0   2352
     0  30253
     0 -18591
     0 -18407
     0  29468
     0   8673
     0  -7753
     0  20637
     0 -28398
     0   9359
     0  -6309
     0   4886
     0 -27429
     0   9504
     0  26820
     0 -17844
     0  -5098
     0  19649
     0  10468
     0  -4767
     0 -16142
     0   2442
     0 -22454
     0 -24762
     0   -448
     0 -11360
     0  -4954
     0  29850
     0  17665
     0  -4481
     0  -2782
     0  -5250
     0  22267
     0  -2520
     0 -31999
     0  15182
     0 -13956
     0 -17521
     0  21790
     0   7997
     0  12986
     0 -29071
     0  17336
     0 -32580
     0 -12998
     0  15750
     0   -591
     0  -5662
     0 -12500
     0  21225
     0 -26100
     0 -32570
     0  27428
     0  14076
     0 -17899
     0 -24097
     0  31376
     0   5248
     0  31743
     0 -16354
     0  20934
     0 -31554
     0 -30624
     0  31217
     0 -29922
     0   -559
     0   -199
     0   4507
     0  26990
     0 -10844
     0  18570
     0  -6045
     0  30378
     0  20611
     0 -29231
     0 -20303
     0  -9779
     0 -28300
     0  30809
     0   5368
     0  25645
     0  29137
     0  30141
     0  -6994
     0  -6872
     0 -27143
     0  28502
     0  -9545
     0  13672
     0   7450
     0   7945
     0   1048
     0 -18916
     0 -11610
     0  -6876
     0 -13300
     0 -30622
     0  19271
     0   8400
     0 -28561
     0   -387
     0 -14646
     0   9343
     0 -13504
     0  -4884
     0  29386
     0   1698
     0 -32738
     0  27332
     0 -27181
     0  18087
     0 -21251
     0 -30182
     0  28087
     0 -12428
     0 -19226
     0  31942
     0  -7612
     0    219
     0 -19246
     0   9981
     0 -23243
     0   -786
     0 -12534
     0 -14986
     0  -5441
     0  18272
     0 -26832
     0 -23450
     0 -32699
     0  -5928
     0  27470
     0  -9799
     0  19352
     0 -26452
     0   5162
     0  -1188
     0 -13499
     0 -23516
     0 -21277
     0  29170
     0  18462
     0  11413
     0  25220
     0   9611
     0  30621
     0   2290
     0 -28009
     0  23340
     0  29074
     0  -4509
     0  -2967
     0 -20271
     0  21893
     0 -24085
     0   3310
     0 -14516
     0   3693
     0  16790
     0    166
     0   3468
     0  22604
     0   2524
     0  12132
     0 -29828
     0 -21092
     0  30540
     0  31931
     0  -1146
     0 -22734
     0   8149
     0  -7499
     0 -22590
     0 -22352
     0  19164
     0  31724
     0  22277
     0  21377
     0 -15858
     0  26034
     0  21049
     0 -23698
     0  29241
     0 -26085
     0  18180
     0 -30393
     0 -29784
     0 -12765
     0 -13112
     0   4566
     0  24947
     0  31752
     0  17560
     0   3340
     0 -27080
     0  19736
     0  11686
     0  16594
     0  25534
     0 -21151
     0 -29684
     0 -21122
     0  -6895
     0  19498
     0  15016
     0 -27120
     0  32699
     0 -14954
     0    828
     0    -43
     0 -13350
     0  15501
     0  29438
     0   3024
     0  -7047
     0   6602
     0  -7436
     0 -24435
     0 -11261
     0  31958
     0  29603
     0 -11963
     0 -19628
     0   7554
     0  27165
     0   5234
     0   5861
     0  29942
     0   9197
     0   6181
     0  -2279
     0  20820
     0 -18664
     0 -18103
     0  28545
     0    530
     0  30956
     0  14314
     0 -16258
     0   7270
     0  32373
     0 -19147
     0  12518
     0  -1481
     0 -28339
     0  30269
     0  20273
     0  18749
     0  21927
     0  23749
     0  17247
     0   6494
     0  23558
     0  -7479
     0  24970
     0 -26614
     0  30412
     0 -21560
     0 -29186
     0  29081
     0  20908
     0  25840
     0   3373
     0  -4616
     0  29600
     0   2849
     0  -5142
     0   5569
     0   8892
     0  -5957
     0  19983
     0 -18724
     0  -6207
     0 -26142
     0  13558
     0   8266
     0  20243
     0 -25816
     0  -2061
     0 -15496
     0  20266
     0   4784
     0 -27197
     0  -9488
     0 -10018
     0  12630
     0 -26167
     0   2168
     0 -27234
     0  -2874
     0   7808
     0 -27224
     0  26680
     0 -10641
     0  17873
     0  14507
     0 -29330
     0 -18097
     0  26310
     0  -9860
     0  29391
     0  -3244
     0  15979
     0  -9616
     0  -1930
     0  32738
     0  -7648
     0  28437
     0  10764
     0  -2720
     0  -1548
     0   8475
     0 -13822
     0 -23529
     0 -30994
     0  14039
     0  28188
     0  12678
     0   9672
     0  24996
     0    729
     0  -2398
     0  21911
     0  14396
     0   7569
     0 -29190
     0 -20255
     0  -4645
     0  18940
     0  18444
     0  -7270
     0   2585
     0  13922
     0  -3160
     0  11681
     0 -15533
     0 -19034
     0 -27864
     0  -3916
     0  -6670
     0 -13837
     0   -290
     0  -9239
     0  -5828
     0  24913
     0  -9894
     0  -8830
     0  20330
     0  -3126
     0  -1658
     0 -31711
     0 -19550
     0   6586
     0  13138
     0  17960
     0 -18978
     0 -32452
     0   5656
     0  22282
     0  15584
     0  -9676
     0 -31125
     0  29854
     0  15346
     0  15238
     0 -20901
     0   7497
     0  -2140
     0    789
     0  -4394
     0 -25050
     0   9172
     0 -17905
     0  32277
     0  12922
     0  20149
     0     18
     0  -2287
     0  25135
     0 -31446
     0  12874
     0  29172
     0 -21218
     0  23879
     0   9571
     0   9624
     0  30526
     0  19678
     0  -5929
     0  -8025
     0  -4873
     0  -6653
     0 -15286
     0 -18051
     0   2243
     0   1206
     0  21834
     0 -16945
     0  32192
     0 -20723
     0   9120
     0   8093
     0 -12608
     0  22524
     0  30836
     0 -22992
     0  19584
     0 -13486
     0 -23746
     0  24606
     0  -7883
     0 -19998
     0   6949
     0  -9491
     0  24315
     0  21666
     0  18160
     0  -4441
     0 -24107
     0  21096
     0  17299
     0 -20829
     0  31152
     0  31843
     0 -14310
     0  25417
     0   8310
     0 -11934
     0  -4260
     0  -1066
     0  -8464
     0  19899
     0  32467
     0 -20904
     0  22368
     0  26734
     0  -8624
     0  21406
     0 -29897
     0  22527
     0 -20014
     0  19840
     0 -21443
     0  21036
     0  26327
     0   2862
     0   7696
     0 -27770
     0   2282
     0  -8617
     0  13355
     0  12797
     0 -17504
     0 -20670
     0   6530
     0  -9424
     0 -21516
     0   6328
     0  -2712
     0 -11220
     0 -11813
     0 -22919
     0 -24869
     0   1775
     0 -17069
     0  25726
     0   9490
     0  24166
     0  14393
     0 -26373
     0 -15475
     0  13894
     0  -7288
     0   6880
     0  25938
     0  23830
     0  32114
     0  -1374
     0 -25638
     0  15798
     0   4397
     0  26062
     0  12312
     0  19549
     0  -8876
     0   8885
     0  -3974
     0  19504
     0 -30369
     0  31594
     0  16135
     0   8178
     0  -5006
     0   6059
     0  -2477
     0  17459
     0  -2914
     0 -32628
     0 -26035
     0  10210
     0   7904
     0 -20706
     0   3233
     0  31984
     0 -17475
     0  12672
     0 -11582
     0  -5044
     0  -9664
     0   5958
     0  18599
     0  26513
     0  10914
     0   6071
     0 -12137
     0  28306
     0  -2379
     0   8466
     0 -19306
     0 -24543
     0  19080
     0 -15163
     0   5126
     0 -32326
     0  -6892
     0 -21252
     0 -22178
     0 -13577
     0   5820
     0  28724
     0  -6629
     0 -12898
     0 -15498
     0 -28558
     0  24932
     0   1015
     0  -4305
     0  14814
     0 -19892
     0   6762
     0  15316
     0 -16969
     0  23716
     0  -3149
     0 -29512
     0  32767
     0 -12101
     0  29625
     0 -18606
     0  16738
     0 -14593
     0   5164
     0 -10952
     0  -9667
     0   3439
     0  -5561
     0  10809
     0  13487
     0  -4627
     0 -17964
     0   1961
     0  21109
     0 -27317
     0   6882
     0  -7545
     0   5833
     0  10278
     0   7832
     0    868
     0  -8974
     0   9175
     0  26478
     0  21950
     0  27282
     0  27788
     0  26252
     0 -30821
     0  17896
     0 -28996
     0  18273
     0 -11059
     0 -32462
     0  22228
     0  -9083
     0  -1864
     0   1547
     0  10587
     0  30222
     0  17944
     0  15121
     0  10390
     0 -23236
     0   1252
     0  14440
     0  14989
     0 -17822
     0 -29698
     0  12588
     0  23857
     0  11290
     0 -11087
     0 -13575
     0  22872
     0  11336
     0  15631
     0  -5182
     0 -23987
     0   3426
     0 -19810
     0  19275
     0  11268
     0  12430
     0  -1968
     0  -9788
     0  19450
     0 -19774
     0   6298
     0 -26509
     0  21664
     0  10917
     0  26228
     0 -23376
     0 -31963
     0  15097
     0 -31039
     0  19137
     0  11355
     0  -2852
     0 -11813
     0 -17102
     0  23049
     0  25959
     0   6406
     0  31069
     0 -26028
     0  -6074
     0  14806
     0  -9735
     0   3816
     0   3138
     0 -24574
     0   4314
     0 -16767
     0 -27976
     0  -6254
     0 -19696
     0  -8465
     0  20956
     0  -7136
     0 -21855
     0 -20383
     0  22648
     0  -7850
     0 -23549
     0  31797
     0   9165
     0  17001
     0  22060
     0  -1460
     0   7228
     0  31615
     0   1272
     0 -18069
     0  13008
     0 -21740
     0 -16735
     0   4978
     0  25229
     0 -16508
     0 -20192
     0   7479
     0 -12160
     0  30605
     0 -26951
     0 -29899
     0   5394
     0 -28601
     0  10561
     0  -4137
     0   7602
     0   8041
     0  24033
     0  14365
     0 -14812
     0   6301
     0  16773
     0 -31706
     0  16901
     0   8018
     0  10934
     0 -17642
     0   6209
     0  -8878
     0  14500
     0   8503
     0  14203
     0  14911
     0  30532
     0   5342
     0  -1418
     0   8761
     0   5338
     0  10585
     0 -23871
     0  15591
     0  -7464
     0 -28773
     0  28654
     0 -25731
     0   1924
     0  23325
     0   2298
     0  -6784
     0  32192
     0  17970
     0  30755
     0   -384
     0  23698
     0  -4181
     0 -25025
     0  27436
     0  -2522
     0  17474
     0 -32304
     0  -9652
     0 -15458
     0  -4603
     0 -25982
     0  12731
     0 -24365
     0  25299
     0   8430
     0  -9848
     0 -23261
     0 -30178
     0  -3310
     0   1868
     0   3352
     0 -23282
     0  14733
     0 -22806
     0  24698
     0  17800
     0  15229
     0  17176
     0  29872
     0  18456
     0  12646
     0 -29835
     0  16269
     0   7161
     0 -25946
     0 -18977
     0 -14997
     0  12477
     0 -11804
     0   4168
     0   5786
     0 -31251
     0 -15790
     0  -5262
     0 -21571
     0 -28470
     0 -22556
     0   2130
     0  17800
     0  20075
     0   8260
     0   7543
     0   3229
     0  27662
     0  -5840
     0 -15754
     0 -12410
     0   9645
     0  15253
     0  11056
     0   6263
     0 -12161
     0 -17802
     0  14771
     0  27677
     0 -17642
     0 -11805
     0 -28366
     0  -6297
     0   7071
     0 -32272
     0  16436
     0  26418
     0  27875
     0 -22283
     0 -19421
     0  25281
     0   7888
     0  11093
     0 -11819
     0  -7503
     0  28936
     0  14211
     0 -19904
     0  -4052
     0  -4413
     0   -454
     0 -27654
     0  10874
     0  16424
     0  15363
     0  10734
     0 -28538
     0  -6302
     0 -15252
     0 -21416
     0  31966
     0  14512
     0  31162
     0  15384
     0  -2117
     0 -11730
     0  21987
     0  32145
     0  20366
     0 -19373
     0 -29671
     0   2913
     0 -28857
     0 -15245
     0 -10624
     0  30234
     0  -5232
     0 -18939
     0  30128
     0   1014
     0   7006
     0  28771
     0  29716
     0 -14262
     0 -12416
     0 -13178
     0  32681
     0  -5449
     0  11271
     0  17703
     0 -30098
     0  11543
     0  29629
     0 -26745
     0  27856
     0  21066
     0    552
     0  -3565
     0   1230
     0  25668
     0 -31934
     0  -8675
     0   5527
     0  -3632
     0 -12422
     0 -14416
     0    823
     0 -15120
     0 -13682
     0 -30203
     0 -31083
     0  24355
     0 -20657
     0  -4274
     0 -29233
     0   8489
     0  11295
     0    293
     0   9846
     0 -16881
     0 -32183
     0  32233
     0 -27582
     0  -5977
     0   1640
     0 -25918
     0  23642
     0  14136
     0 -30853
     0 -14139
     0  27532
     0  30424
     0  14316
     0 -23155
     0   1334
     0 -14039
     0   9895
     0 -31255
     0 -12550
     0  29968
     0  27175
     0 -11181
     0 -28350
     0   2321
     0  13242
     0   9709
     0  32412
     0   6449
     0 -18954
     0 -23443
     0  -7418
     0  16930
     0   5800
     0  23469
     0  11362
     0 -31818
     0 -24872
     0  -5917
     0  -6654
     0  19631
     0 -16370
     0 -25868
     0  19530
     0  27706
     0   7742
     0 -17481
     0  17633
     0 -26605
     0 -15907
     0 -31130
     0  17072
     0  27176
     0  15549
     0   5304
     0 -13572
     0 -30600
     0 -20849
     0   4418
     0  -5119
     0  13290
     0 -11862
     0 -30525
     0  -6805
     0 -13548
     0     54
     0 -31625
     0 -23112
     0 -31373
     0  10542
     0  21583
     0  -4844
     0  22341
     0 -12935
     0  -4240
     0 -13410
     0 -14122
     0  31438
     0 -30907
     0  32097
     0 -29094
     0  18789
     0 -18944
     0  24031
     0  15544
     0  -9608
     0  10688
     0 -26055
     0   9292
     0 -29929
     0 -18311
     0 -11317
     0  15617
     0  17873
     0  -1324
     0  24704
     0   1948
     0  19850
     0  11512
     0 -26664
     0  20775
     0  -4258
     0   3314
     0 -16082
     0  20698
     0  -2269
     0  17999
     0 -27553
     0 -27702
     0 -13414
     0  14468
     0 -15048
     0 -26080
     0  -9793
     0  -1880
     0 -20556
     0 -24384
     0 -26261
     0 -22383
     0  -9625
     0 -23450
     0 -31448
     0 -26436
     0  13314
