     0      0
     0      0
     0      0
     0      0
     0      0
     0      0
     0      0
     0      0
     0      1
     0      1
     0      2
     0      4
     0      5
     0      7
     0      9
     0     12
     0     16
     0     20
     0     24
     0     30
     0     36
     0     43
     0     50
     0     59
     0     67
     0     77
     0     87
     0     98
     0    109
     0    122
     0    133
     0    146
     0    157
     0    171
     0    182
     0    195
     0    203
     0    212
     0    219
     0    225
     0    226
     0    228
     0    224
     0    215
     0    204
     0    187
     0    163
     0    135
     0     99
     0     50
     0      0
     0    -60
     0   -138
     0   -219
     0   -312
     0   -421
     0   -542
     0   -672
     0   -814
     0   -997
     0  -1166
     0  -1383
     0  -1602
     0  -1847
     0  -2131
     0  -2469
     0  -2803
     0  -3496
     0  -4147
     0  -4571
     0  -4965
     0  -5215
     0  -5386
     0  -5457
     0  -5455
     0  -5380
     0  -5191
     0  -4954
     0  -4629
     0  -4192
     0  -3708
     0  -3209
     0  -2619
     0  -1937
     0  -1257
     0   -440
     0    314
     0   1094
     0   2005
     0   2841
     0   3682
     0   4590
     0   5397
     0   6261
     0   7129
     0   7930
     0   8656
     0   9420
     0  10051
     0  10670
     0  11235
     0  11737
     0  12132
     0  12413
     0  12667
     0  12851
     0  12911
     0  12980
     0  12841
     0  12607
     0  12397
     0  12021
     0  11538
     0  11087
     0  10467
     0   9701
     0   8982
     0   8122
     0   7233
     0   6284
     0   5284
     0   4144
     0   3072
     0   1980
     0    734
     0   -408
     0  -1583
     0  -2784
     0  -3991
     0  -5075
     0  -6177
     0  -7401
     0  -8383
     0  -9493
     0 -10454
     0 -11286
     0 -12236
     0 -13035
     0 -13694
     0 -14334
     0 -14819
     0 -15284
     0 -15722
     0 -16006
     0 -16135
     0 -16235
     0 -16182
     0 -16102
     0 -15862
     0 -15602
     0 -15191
     0 -14632
     0 -14047
     0 -13456
     0 -12723
     0 -11957
     0 -11084
     0 -10062
     0  -9167
     0  -8164
     0  -7017
     0  -6009
     0  -4903
     0  -3690
     0  -2623
     0  -1454
     0   -297
     0    819
     0   1886
     0   3039
     0   4029
     0   4994
     0   6001
     0   6874
     0   7679
     0   8410
     0   9111
     0   9677
     0  10169
     0  10715
     0  10998
     0  11291
     0  11496
     0  11544
     0  11589
     0  11560
     0  11374
     0  11107
     0  10783
     0  10382
     0   9952
     0   9429
     0   8818
     0   8138
     0   7432
     0   6714
     0   5878
     0   5087
     0   4241
     0   3349
     0   2466
     0   1642
     0    787
     0   -108
     0   -911
     0  -1778
     0  -2534
     0  -3234
     0  -3984
     0  -4624
     0  -5189
     0  -5734
     0  -6164
     0  -6565
     0  -6921
     0  -7176
     0  -7324
     0  -7429
     0  -7423
     0  -7376
     0  -7210
     0  -7012
     0  -6704
     0  -6299
     0  -5843
     0  -5368
     0  -4799
     0  -4165
     0  -3493
     0  -2698
     0  -1961
     0  -1180
     0   -278
     0    550
     0   1409
     0   2336
     0   3173
     0   4069
     0   4970
     0   5819
     0   6607
     0   7439
     0   8148
     0   8843
     0   9507
     0  10101
     0  10602
     0  11004
     0  11378
     0  11675
     0  11862
     0  12062
     0  12056
     0  11971
     0  11890
     0  11644
     0  11309
     0  10990
     0  10496
     0   9870
     0   9269
     0   8528
     0   7757
     0   6919
     0   6013
     0   4969
     0   3977
     0   2956
     0   1774
     0    687
     0   -450
     0  -1625
     0  -2812
     0  -3892
     0  -4998
     0  -6227
     0  -7239
     0  -8389
     0  -9390
     0 -10281
     0 -11299
     0 -12167
     0 -12905
     0 -13640
     0 -14218
     0 -14785
     0 -15329
     0 -15721
     0 -15961
     0 -16180
     0 -16239
     0 -16271
     0 -16151
     0 -16000
     0 -15696
     0 -15238
     0 -14755
     0 -14253
     0 -13600
     0 -12922
     0 -12110
     0 -11148
     0 -10307
     0  -9339
     0  -8226
     0  -7240
     0  -6143
     0  -4923
     0  -3840
     0  -2643
     0  -1449
     0   -289
     0    840
     0   2070
     0   3140
     0   4191
     0   5305
     0   6280
     0   7203
     0   8066
     0   8895
     0   9585
     0  10210
     0  10904
     0  11324
     0  11772
     0  12120
     0  12297
     0  12496
     0  12602
     0  12543
     0  12409
     0  12196
     0  11912
     0  11597
     0  11171
     0  10641
     0  10045
     0   9398
     0   8737
     0   7942
     0   7185
     0   6354
     0   5455
     0   4559
     0   3718
     0   2825
     0   1889
     0   1020
     0     67
     0   -764
     0  -1565
     0  -2432
     0  -3177
     0  -3874
     0  -4568
     0  -5136
     0  -5692
     0  -6208
     0  -6624
     0  -6937
     0  -7224
     0  -7387
     0  -7505
     0  -7526
     0  -7491
     0  -7351
     0  -7107
     0  -6814
     0  -6482
     0  -6052
     0  -5572
     0  -5013
     0  -4345
     0  -3719
     0  -3020
     0  -2215
     0  -1462
     0   -658
     0    223
     0   1033
     0   1907
     0   2792
     0   3645
     0   4458
     0   5324
     0   6082
     0   6830
     0   7569
     0   8238
     0   8833
     0   9346
     0   9832
     0  10240
     0  10554
     0  10887
     0  11016
     0  11085
     0  11142
     0  11041
     0  10867
     0  10685
     0  10339
     0   9870
     0   9402
     0   8806
     0   8171
     0   7456
     0   6669
     0   5749
     0   4854
     0   3931
     0   2840
     0   1824
     0    752
     0   -375
     0  -1518
     0  -2568
     0  -3659
     0  -4874
     0  -5899
     0  -7066
     0  -8093
     0  -9026
     0 -10095
     0 -11015
     0 -11826
     0 -12646
     0 -13307
     0 -13969
     0 -14611
     0 -15109
     0 -15459
     0 -15798
     0 -15972
     0 -16120
     0 -16124
     0 -16091
     0 -15904
     0 -15562
     0 -15191
     0 -14791
     0 -14238
     0 -13663
     0 -12933
     0 -12056
     0 -11289
     0 -10378
     0  -9323
     0  -8385
     0  -7315
     0  -6112
     0  -5039
     0  -3838
     0  -2639
     0  -1455
     0   -284
     0    993
     0   2123
     0   3238
     0   4441
     0   5500
     0   6519
     0   7495
     0   8440
     0   9243
     0   9991
     0  10824
     0  11372
     0  11968
     0  12451
     0  12761
     0  13112
     0  13354
     0  13427
     0  13432
     0  13340
     0  13182
     0  12991
     0  12677
     0  12243
     0  11745
     0  11176
     0  10588
     0   9855
     0   9152
     0   8355
     0   7474
     0   6589
     0   5749
     0   4838
     0   3886
     0   2968
     0   1952
     0   1065
     0    183
     0   -782
     0  -1613
     0  -2424
     0  -3253
     0  -3941
     0  -4642
     0  -5307
     0  -5876
     0  -6347
     0  -6810
     0  -7134
     0  -7419
     0  -7625
     0  -7758
     0  -7787
     0  -7712
     0  -7591
     0  -7408
     0  -7127
     0  -6810
     0  -6380
     0  -5858
     0  -5352
     0  -4756
     0  -4067
     0  -3411
     0  -2679
     0  -1866
     0  -1105
     0   -272
     0    575
     0   1412
     0   2229
     0   3105
     0   3893
     0   4675
     0   5471
     0   6198
     0   6869
     0   7479
     0   8065
     0   8571
     0   9000
     0   9454
     0   9716
     0   9936
     0  10126
     0  10166
     0  10153
     0  10115
     0   9921
     0   9613
     0   9284
     0   8841
     0   8357
     0   7785
     0   7127
     0   6348
     0   5570
     0   4761
     0   3784
     0   2866
     0   1877
     0    823
     0   -254
     0  -1253
     0  -2307
     0  -3479
     0  -4493
     0  -5652
     0  -6678
     0  -7634
     0  -8729
     0  -9679
     0 -10544
     0 -11426
     0 -12154
     0 -12894
     0 -13619
     0 -14206
     0 -14656
     0 -15103
     0 -15385
     0 -15641
     0 -15767
     0 -15847
     0 -15776
     0 -15553
     0 -15299
     0 -15006
     0 -14560
     0 -14095
     0 -13460
     0 -12680
     0 -11999
     0 -11161
     0 -10178
     0  -9304
     0  -8284
     0  -7122
     0  -6077
     0  -4897
     0  -3709
     0  -2525
     0  -1343
     0    -37
     0   1130
     0   2289
     0   3551
     0   4675
     0   5773
     0   6830
     0   7876
     0   8772
     0   9630
     0  10579
     0  11244
     0  11974
     0  12578
     0  13012
     0  13506
     0  13877
     0  14077
     0  14217
     0  14242
     0  14209
     0  14143
     0  13942
     0  13608
     0  13215
     0  12730
     0  12224
     0  11563
     0  10922
     0  10173
     0   9320
     0   8460
     0   7636
     0   6722
     0   5765
     0   4819
     0   3755
     0   2826
     0   1880
     0    832
     0    -76
     0   -985
     0  -1931
     0  -2734
     0  -3565
     0  -4364
     0  -5074
     0  -5693
     0  -6324
     0  -6807
     0  -7247
     0  -7636
     0  -7931
     0  -8130
     0  -8225
     0  -8272
     0  -8243
     0  -8111
     0  -7969
     0  -7673
     0  -7301
     0  -6925
     0  -6439
     0  -5877
     0  -5326
     0  -4676
     0  -3945
     0  -3243
     0  -2466
     0  -1671
     0   -863
     0    -53
     0    821
     0   1627
     0   2431
     0   3272
     0   4046
     0   4786
     0   5485
     0   6162
     0   6759
     0   7301
     0   7871
     0   8261
     0   8633
     0   8953
     0   9137
     0   9290
     0   9397
     0   9357
     0   9221
     0   9043
     0   8763
     0   8437
     0   8020
     0   7509
     0   6885
     0   6240
     0   5558
     0   4714
     0   3910
     0   3026
     0   2066
     0   1076
     0    145
     0   -852
     0  -1957
     0  -2942
     0  -4076
     0  -5086
     0  -6046
     0  -7148
     0  -8117
     0  -9017
     0  -9948
     0 -10733
     0 -11541
     0 -12336
     0 -13007
     0 -13550
     0 -14102
     0 -14490
     0 -14854
     0 -15103
     0 -15299
     0 -15350
     0 -15254
     0 -15125
     0 -14947
     0 -14620
     0 -14282
     0 -13755
     0 -13093
     0 -12513
     0 -11770
     0 -10885
     0 -10092
     0  -9143
     0  -8048
     0  -7055
     0  -5918
     0  -4772
     0  -3607
     0  -2434
     0  -1131
     0     47
     0   1224
     0   2527
     0   3693
     0   4841
     0   5976
     0   7097
     0   8071
     0   9019
     0  10070
     0  10837
     0  11692
     0  12409
     0  12962
     0  13591
     0  14085
     0  14412
     0  14686
     0  14835
     0  14930
     0  14995
     0  14914
     0  14692
     0  14416
     0  14029
     0  13619
     0  13049
     0  12488
     0  11803
     0  11001
     0  10187
     0   9399
     0   8504
     0   7568
     0   6611
     0   5525
     0   4579
     0   3589
     0   2483
     0   1521
     0    533
     0   -512
     0  -1408
     0  -2354
     0  -3271
     0  -4108
     0  -4861
     0  -5647
     0  -6278
     0  -6868
     0  -7430
     0  -7885
     0  -8246
     0  -8509
     0  -8732
     0  -8855
     0  -8881
     0  -8914
     0  -8758
     0  -8550
     0  -8315
     0  -7951
     0  -7531
     0  -7098
     0  -6551
     0  -5917
     0  -5292
     0  -4590
     0  -3866
     0  -3108
     0  -2325
     0  -1476
     0   -672
     0    134
     0    999
     0   1800
     0   2589
     0   3359
     0   4111
     0   4784
     0   5422
     0   6093
     0   6600
     0   7112
     0   7554
     0   7877
     0   8188
     0   8435
     0   8553
     0   8584
     0   8558
     0   8447
     0   8287
     0   8031
     0   7673
     0   7220
     0   6722
     0   6178
     0   5486
     0   4814
     0   4053
     0   3205
     0   2325
     0   1483
     0    566
     0   -454
     0  -1387
     0  -2467
     0  -3436
     0  -4382
     0  -5463
     0  -6425
     0  -7342
     0  -8301
     0  -9123
     0  -9977
     0 -10823
     0 -11560
     0 -12183
     0 -12823
     0 -13305
     0 -13764
     0 -14127
     0 -14432
     0 -14599
     0 -14626
     0 -14624
     0 -14562
     0 -14357
     0 -14146
     0 -13735
     0 -13201
     0 -12730
     0 -12090
     0 -11320
     0 -10625
     0  -9762
     0  -8754
     0  -7830
     0  -6762
     0  -5673
     0  -4558
     0  -3416
     0  -2141
     0   -972
     0    202
     0   1514
     0   2695
     0   3880
     0   5060
     0   6231
     0   7264
     0   8282
     0   9412
     0  10270
     0  11224
     0  12037
     0  12693
     0  13442
     0  14047
     0  14491
     0  14893
     0  15154
     0  15374
     0  15564
     0  15601
     0  15490
     0  15332
     0  15048
     0  14738
     0  14264
     0  13790
     0  13182
     0  12441
     0  11686
     0  10945
     0  10084
     0   9183
     0   8232
     0   7144
     0   6192
     0   5175
     0   4032
     0   3034
     0   1985
     0    859
     0   -113
     0  -1157
     0  -2174
     0  -3121
     0  -3997
     0  -4924
     0  -5688
     0  -6417
     0  -7139
     0  -7743
     0  -8260
     0  -8689
     0  -9073
     0  -9347
     0  -9532
     0  -9734
     0  -9722
     0  -9675
     0  -9585
     0  -9347
     0  -9073
     0  -8765
     0  -8325
     0  -7800
     0  -7261
     0  -6643
     0  -6001
     0  -5303
     0  -4560
     0  -3747
     0  -2957
     0  -2161
     0  -1286
     0   -468
     0    358
     0   1187
     0   2002
     0   2741
     0   3467
     0   4230
     0   4850
     0   5492
     0   6049
     0   6510
     0   6975
     0   7362
     0   7631
     0   7839
     0   7965
     0   8026
     0   8037
     0   7943
     0   7750
     0   7472
     0   7131
     0   6745
     0   6217
     0   5685
     0   5058
     0   4343
     0   3586
     0   2849
     0   2026
     0   1116
     0    247
     0   -760
     0  -1673
     0  -2585
     0  -3630
     0  -4569
     0  -5488
     0  -6458
     0  -7304
     0  -8193
     0  -9077
     0  -9869
     0 -10563
     0 -11283
     0 -11854
     0 -12405
     0 -12878
     0 -13288
     0 -13574
     0 -13730
     0 -13855
     0 -13915
     0 -13839
     0 -13763
     0 -13482
     0 -13087
     0 -12741
     0 -12221
     0 -11583
     0 -10997
     0 -10244
     0  -9343
     0  -8508
     0  -7530
     0  -6527
     0  -5477
     0  -4393
     0  -3167
     0  -2033
     0   -885
     0    409
     0   1584
     0   2777
     0   3981
     0   5183
     0   6255
     0   7325
     0   8515
     0   9441
     0  10483
     0  11378
     0  12128
     0  12984
     0  13692
     0  14247
     0  14771
     0  15147
     0  15490
     0  15804
     0  15964
     0  15970
     0  15938
     0  15764
     0  15565
     0  15202
     0  14830
     0  14312
     0  13653
     0  12974
     0  12301
     0  11492
     0  10650
     0   9728
     0   8659
     0   7726
     0   6707
     0   5553
     0   4537
     0   3452
     0   2270
     0   1244
     0    126
     0   -972
     0  -2011
     0  -2992
     0  -4036
     0  -4920
     0  -5773
     0  -6642
     0  -7384
     0  -8048
     0  -8633
     0  -9175
     0  -9596
     0  -9932
     0 -10306
     0 -10440
     0 -10559
     0 -10612
     0 -10514
     0 -10394
     0 -10220
     0  -9901
     0  -9498
     0  -9060
     0  -8541
     0  -7998
     0  -7379
     0  -6694
     0  -5939
     0  -5183
     0  -4418
     0  -3553
     0  -2742
     0  -1897
     0  -1031
     0   -173
     0    613
     0   1411
     0   2246
     0   2961
     0   3720
     0   4378
     0   4960
     0   5571
     0   6082
     0   6502
     0   6875
     0   7153
     0   7378
     0   7558
     0   7634
     0   7610
     0   7513
     0   7332
     0   7108
     0   6753
     0   6378
     0   5904
     0   5331
     0   4713
     0   4097
     0   3392
     0   2607
     0   1825
     0    914
     0     77
     0   -779
     0  -1766
     0  -2659
     0  -3557
     0  -4515
     0  -5364
     0  -6265
     0  -7166
     0  -7994
     0  -8740
     0  -9522
     0 -10165
     0 -10792
     0 -11362
     0 -11866
     0 -12260
     0 -12537
     0 -12783
     0 -12959
     0 -13011
     0 -13069
     0 -12919
     0 -12670
     0 -12451
     0 -12055
     0 -11560
     0 -11096
     0 -10464
     0  -9687
     0  -8958
     0  -8086
     0  -7183
     0  -6227
     0  -5217
     0  -4069
     0  -2992
     0  -1896
     0   -644
     0    506
     0   1681
     0   2887
     0   4092
     0   5177
     0   6277
     0   7500
     0   8478
     0   9580
     0  10538
     0  11363
     0  12306
     0  13101
     0  13751
     0  14383
     0  14861
     0  15316
     0  15745
     0  16019
     0  16139
     0  16228
     0  16166
     0  16077
     0  15828
     0  15559
     0  15139
     0  14571
     0  13980
     0  13383
     0  12641
     0  11868
     0  10990
     0   9962
     0   9062
     0   8058
     0   6907
     0   5895
     0   4793
     0   3579
     0   2513
     0   1345
     0    188
     0   -923
     0  -1985
     0  -3132
     0  -4118
     0  -5075
     0  -6073
     0  -6939
     0  -7738
     0  -8464
     0  -9150
     0  -9708
     0 -10190
     0 -10724
     0 -10999
     0 -11278
     0 -11479
     0 -11513
     0 -11546
     0 -11507
     0 -11311
     0 -11034
     0 -10702
     0 -10291
     0  -9853
     0  -9321
     0  -8704
     0  -8017
     0  -7305
     0  -6582
     0  -5741
     0  -4946
     0  -4098
     0  -3205
     0  -2319
     0  -1495
     0   -643
     0    250
     0   1050
     0   1915
     0   2666
     0   3361
     0   4107
     0   4738
     0   5297
     0   5834
     0   6256
     0   6648
     0   6996
     0   7239
     0   7378
     0   7467
     0   7455
     0   7395
     0   7222
     0   7009
     0   6694
     0   6277
     0   5813
     0   5327
     0   4747
     0   4102
     0   3420
     0   2619
     0   1876
     0   1084
     0    176
     0   -658
     0  -1523
     0  -2454
     0  -3293
     0  -4191
     0  -5095
     0  -5945
     0  -6733
     0  -7566
     0  -8273
     0  -8967
     0  -9628
     0 -10219
     0 -10716
     0 -11114
     0 -11482
     0 -11774
     0 -11955
     0 -12149
     0 -12135
     0 -12042
     0 -11956
     0 -11701
     0 -11357
     0 -11029
     0 -10531
     0  -9897
     0  -9287
     0  -8544
     0  -7761
     0  -6915
     0  -6003
     0  -4955
     0  -3953
     0  -2933
     0  -1742
     0   -650
     0    488
     0   1669
     0   2859
     0   3937
     0   5048
     0   6279
     0   7289
     0   8439
     0   9441
     0  10330
     0  11345
     0  12208
     0  12945
     0  13677
     0  14251
     0  14815
     0  15354
     0  15741
     0  15976
     0  16190
     0  16244
     0  16271
     0  16145
     0  15989
     0  15681
     0  15218
     0  14730
     0  14223
     0  13568
     0  12885
     0  12071
     0  11106
     0  10263
     0   9292
     0   8178
     0   7193
     0   6094
     0   4875
     0   3792
     0   2598
     0   1408
     0    248
     0   -876
     0  -2101
     0  -3167
     0  -4212
     0  -5324
     0  -6293
     0  -7209
     0  -8063
     0  -8885
     0  -9571
     0 -10187
     0 -10874
     0 -11285
     0 -11725
     0 -12067
     0 -12237
     0 -12429
     0 -12528
     0 -12463
     0 -12321
     0 -12104
     0 -11814
     0 -11493
     0 -11063
     0 -10530
     0  -9930
     0  -9281
     0  -8618
     0  -7822
     0  -7065
     0  -6233
     0  -5338
     0  -4444
     0  -3604
     0  -2716
     0  -1784
     0   -919
     0     29
     0    854
     0   1646
     0   2507
     0   3245
     0   3932
     0   4614
     0   5174
     0   5721
     0   6226
     0   6630
     0   6935
     0   7209
     0   7362
     0   7468
     0   7478
     0   7435
     0   7283
     0   7030
     0   6730
     0   6390
     0   5949
     0   5460
     0   4895
     0   4221
     0   3586
     0   2883
     0   2076
     0   1319
     0    512
     0   -371
     0  -1179
     0  -2055
     0  -2939
     0  -3791
     0  -4601
     0  -5463
     0  -6216
     0  -6959
     0  -7692
     0  -8355
     0  -8942
     0  -9446
     0  -9924
     0 -10322
     0 -10628
     0 -10951
     0 -11069
     0 -11128
     0 -11176
     0 -11062
     0 -10878
     0 -10688
     0 -10331
     0  -9850
     0  -9369
     0  -8766
     0  -8122
     0  -7400
     0  -6600
     0  -5672
     0  -4771
     0  -3840
     0  -2748
     0  -1727
     0   -650
     0    481
     0   1629
     0   2679
     0   3772
     0   4985
     0   6010
     0   7176
     0   8199
     0   9130
     0  10194
     0  11109
     0  11917
     0  12728
     0  13382
     0  14037
     0  14672
     0  15161
     0  15502
     0  15832
     0  15997
     0  16136
     0  16130
     0  16088
     0  15892
     0  15539
     0  15160
     0  14751
     0  14190
     0  13607
     0  12871
     0  11986
     0  11210
     0  10294
     0   9235
     0   8293
     0   7217
     0   6011
     0   4937
     0   3735
     0   2535
     0   1349
     0    184
     0  -1093
     0  -2221
     0  -3331
     0  -4530
     0  -5584
     0  -6597
     0  -7563
     0  -8501
     0  -9297
     0 -10039
     0 -10861
     0 -11401
     0 -11986
     0 -12459
     0 -12762
     0 -13101
     0 -13335
     0 -13397
     0 -13391
     0 -13289
     0 -13120
     0 -12921
     0 -12597
     0 -12155
     0 -11648
     0 -11072
     0 -10478
     0  -9738
     0  -9028
     0  -8227
     0  -7342
     0  -6454
     0  -5612
     0  -4700
     0  -3746
     0  -2831
     0  -1815
     0   -930
     0    -53
     0    910
     0   1738
     0   2542
     0   3363
     0   4045
     0   4742
     0   5395
     0   5955
     0   6417
     0   6869
     0   7184
     0   7456
     0   7652
     0   7775
     0   7795
     0   7706
     0   7574
     0   7380
     0   7089
     0   6763
     0   6321
     0   5788
     0   5275
     0   4668
     0   3971
     0   3306
     0   2567
     0   1748
     0    982
     0    144
     0   -708
     0  -1548
     0  -2367
     0  -3245
     0  -4034
     0  -4816
     0  -5611
     0  -6336
     0  -7006
     0  -7612
     0  -8193
     0  -8695
     0  -9121
     0  -9570
     0  -9824
     0 -10034
     0 -10219
     0 -10252
     0 -10230
     0 -10184
     0  -9980
     0  -9662
     0  -9325
     0  -8875
     0  -8381
     0  -7799
     0  -7135
     0  -6344
     0  -5563
     0  -4740
     0  -3756
     0  -2834
     0  -1840
     0   -779
     0    303
     0   1306
     0   2368
     0   3541
     0   4557
     0   5720
     0   6750
     0   7704
     0   8800
     0   9752
     0  10614
     0  11494
     0  12220
     0  12959
     0  13680
     0  14264
     0  14710
     0  15153
     0  15430
     0  15681
     0  15801
     0  15877
     0  15800
     0  15571
     0  15313
     0  15013
     0  14561
     0  14094
     0  13454
     0  12669
     0  11981
     0  11140
     0  10156
     0   9277
     0   8253
     0   7090
     0   6044
     0   4863
     0   3672
     0   2487
     0   1306
     0      1
     0  -1164
     0  -2318
     0  -3579
     0  -4702
     0  -5792
     0  -6851
     0  -7887
     0  -8780
     0  -9633
     0 -10578
     0 -11235
     0 -11960
     0 -12558
     0 -12986
     0 -13471
     0 -13836
     0 -14029
     0 -14163
     0 -14184
     0 -14144
     0 -14073
     0 -13865
     0 -13527
     0 -13129
     0 -12641
     0 -12132
     0 -11469
     0 -10825
     0 -10074
     0  -9220
     0  -8361
     0  -7537
     0  -6624
     0  -5670
     0  -4725
     0  -3665
     0  -2740
     0  -1798
     0   -759
     0    145
     0   1047
     0   1986
     0   2780
     0   3603
     0   4394
     0   5096
     0   5707
     0   6327
     0   6801
     0   7229
     0   7608
     0   7893
     0   8084
     0   8169
     0   8205
     0   8166
     0   8031
     0   7873
     0   7569
     0   7191
     0   6809
     0   6316
     0   5750
     0   5192
     0   4537
     0   3803
     0   3098
     0   2319
     0   1522
     0    715
     0    -95
     0   -968
     0  -1771
     0  -2572
     0  -3409
     0  -4178
     0  -4912
     0  -5604
     0  -6274
     0  -6864
     0  -7397
     0  -7958
     0  -8339
     0  -8699
     0  -9010
     0  -9185
     0  -9326
     0  -9423
     0  -9375
     0  -9225
     0  -9035
     0  -8746
     0  -8409
     0  -7979
     0  -7457
     0  -6824
     0  -6174
     0  -5479
     0  -4630
     0  -3818
     0  -2927
     0  -1961
     0   -964
     0    -32
     0    969
     0   2080
     0   3065
     0   4200
     0   5209
     0   6169
     0   7269
     0   8234
     0   9132
     0  10060
     0  10839
     0  11640
     0  12431
     0  13095
     0  13631
     0  14175
     0  14553
     0  14909
     0  15148
     0  15335
     0  15377
     0  15270
     0  15133
     0  14945
     0  14609
     0  14260
     0  13725
     0  13054
     0  12466
     0  11712
     0  10823
     0  10022
     0   9068
     0   7966
     0   6968
     0   5829
     0   4677
     0   3511
     0   2336
     0   1032
     0   -146
     0  -1324
     0  -2623
     0  -3786
     0  -4934
     0  -6062
     0  -7177
     0  -8147
     0  -9089
     0 -10136
     0 -10896
     0 -11742
     0 -12450
     0 -12993
     0 -13614
     0 -14098
     0 -14418
     0 -14680
     0 -14819
     0 -14905
     0 -14960
     0 -14870
     0 -14638
     0 -14352
     0 -13957
     0 -13539
     0 -12960
     0 -12392
     0 -11702
     0 -10893
     0 -10074
     0  -9280
     0  -8383
     0  -7445
     0  -6485
     0  -5398
     0  -4451
     0  -3461
     0  -2357
     0  -1396
     0   -413
     0    628
     0   1516
     0   2459
     0   3370
     0   4198
     0   4945
     0   5724
     0   6344
     0   6928
     0   7475
     0   7923
     0   8272
     0   8524
     0   8733
     0   8845
     0   8865
     0   8883
     0   8719
     0   8498
     0   8255
     0   7881
     0   7450
     0   7008
     0   6451
     0   5810
     0   5179
     0   4469
     0   3738
     0   2974
     0   2187
     0   1334
     0    527
     0   -281
     0  -1147
     0  -1949
     0  -2738
     0  -3505
     0  -4254
     0  -4924
     0  -5562
     0  -6227
     0  -6730
     0  -7232
     0  -7669
     0  -7985
     0  -8287
     0  -8529
     0  -8633
     0  -8660
     0  -8623
     0  -8501
     0  -8334
     0  -8066
     0  -7698
     0  -7233
     0  -6724
     0  -6176
     0  -5474
     0  -4791
     0  -4022
     0  -3166
     0  -2277
     0  -1428
     0   -504
     0    520
     0   1462
     0   2546
     0   3520
     0   4465
     0   5551
     0   6516
     0   7434
     0   8396
     0   9216
     0  10070
     0  10916
     0  11651
     0  12271
     0  12908
     0  13386
     0  13842
     0  14200
     0  14499
     0  14662
     0  14684
     0  14675
     0  14608
     0  14396
     0  14179
     0  13763
     0  13222
     0  12746
     0  12098
     0  11323
     0  10623
     0   9757
     0   8741
     0   7812
     0   6740
     0   5649
     0   4530
     0   3389
     0   2107
     0    939
     0   -239
     0  -1549
     0  -2730
     0  -3915
     0  -5094
     0  -6262
     0  -7291
     0  -8308
     0  -9434
     0 -10287
     0 -11238
     0 -12046
     0 -12698
     0 -13441
     0 -14042
     0 -14480
     0 -14875
     0 -15132
     0 -15346
     0 -15530
     0 -15562
     0 -15446
     0 -15283
     0 -14993
     0 -14679
     0 -14201
     0 -13724
     0 -13112
     0 -12369
     0 -11611
     0 -10869
     0 -10005
     0  -9106
     0  -8155
     0  -7067
     0  -6118
     0  -5103
     0  -3962
     0  -2965
     0  -1923
     0   -803
     0    167
     0   1203
     0   2215
     0   3154
     0   4024
     0   4941
     0   5697
     0   6416
     0   7130
     0   7726
     0   8237
     0   8653
     0   9027
     0   9293
     0   9469
     0   9661
     0   9640
     0   9585
     0   9486
     0   9244
     0   8961
     0   8647
     0   8202
     0   7672
     0   7129
     0   6507
     0   5861
     0   5162
     0   4417
     0   3604
     0   2814
     0   2019
     0   1146
     0    332
     0   -492
     0  -1314
     0  -2123
     0  -2859
     0  -3576
     0  -4333
     0  -4944
     0  -5578
     0  -6129
     0  -6578
     0  -7034
     0  -7408
     0  -7668
     0  -7863
     0  -7980
     0  -8027
     0  -8029
     0  -7927
     0  -7721
     0  -7432
     0  -7077
     0  -6683
     0  -6143
     0  -5604
     0  -4972
     0  -4243
     0  -3480
     0  -2737
     0  -1913
     0   -993
     0   -121
     0    890
     0   1804
     0   2718
     0   3766
     0   4704
     0   5621
     0   6590
     0   7433
     0   8318
     0   9199
     0   9986
     0  10673
     0  11388
     0  11950
     0  12494
     0  12959
     0  13361
     0  13637
     0  13783
     0  13899
     0  13949
     0  13863
     0  13778
     0  13485
     0  13082
     0  12727
     0  12195
     0  11547
     0  10957
     0  10193
     0   9283
     0   8439
     0   7456
     0   6448
     0   5392
     0   4303
     0   3072
     0   1937
     0    791
     0   -506
     0  -1685
     0  -2878
     0  -4082
     0  -5283
     0  -6349
     0  -7417
     0  -8602
     0  -9526
     0 -10560
     0 -11448
     0 -12194
     0 -13042
     0 -13741
     0 -14287
     0 -14802
     0 -15168
     0 -15502
     0 -15807
     0 -15958
     0 -15955
     0 -15912
     0 -15730
     0 -15522
     0 -15149
     0 -14769
     0 -14242
     0 -13577
     0 -12891
     0 -12211
     0 -11398
     0 -10550
     0  -9623
     0  -8553
     0  -7615
     0  -6594
     0  -5436
     0  -4421
     0  -3336
     0  -2158
     0  -1131
     0    -18
     0   1074
     0   2110
     0   3086
     0   4125
     0   5001
     0   5846
     0   6707
     0   7440
     0   8094
     0   8672
     0   9198
     0   9611
     0   9937
     0  10300
     0  10424
     0  10532
     0  10576
     0  10466
     0  10334
     0  10151
     0   9822
     0   9410
     0   8963
     0   8437
     0   7885
     0   7259
     0   6568
     0   5806
     0   5045
     0   4276
     0   3408
     0   2594
     0   1748
     0    881
     0     25
     0   -763
     0  -1556
     0  -2389
     0  -3100
     0  -3853
     0  -4508
     0  -5086
     0  -5687
     0  -6192
     0  -6603
     0  -6969
     0  -7237
     0  -7455
     0  -7625
     0  -7690
     0  -7654
     0  -7548
     0  -7356
     0  -7123
     0  -6754
     0  -6369
     0  -5888
     0  -5302
     0  -4676
     0  -4051
     0  -3337
     0  -2543
     0  -1754
     0   -833
     0      8
     0    871
     0   1862
     0   2761
     0   3664
     0   4626
     0   5475
     0   6380
     0   7282
     0   8110
     0   8854
     0   9635
     0  10276
     0  10900
     0  11467
     0  11967
     0  12356
     0  12627
     0  12869
     0  13039
     0  13085
     0  13137
     0  12979
     0  12723
     0  12498
     0  12098
     0  11593
     0  11123
     0  10482
     0   9698
     0   8962
     0   8084
     0   7177
     0   6211
     0   5199
     0   4043
     0   2964
     0   1864
     0    606
     0   -543
     0  -1724
     0  -2925
     0  -4136
     0  -5221
     0  -6321
     0  -7542
     0  -8518
     0  -9622
     0 -10577
     0 -11400
     0 -12340
     0 -13129
     0 -13776
     0 -14403
     0 -14876
     0 -15326
     0 -15751
     0 -16020
     0 -16135
     0 -16219
     0 -16151
     0 -16057
     0 -15803
     0 -15529
     0 -15105
     0 -14532
     0 -13938
     0 -13336
     0 -12592
     0 -11816
     0 -10936
     0  -9906
     0  -9008
     0  -8000
     0  -6854
     0  -5842
     0  -4740
     0  -3528
     0  -2463
     0  -1300
     0   -148
     0    958
     0   2017
     0   3162
     0   4139
     0   5092
     0   6084
     0   6942
     0   7729
     0   8449
     0   9131
     0   9677
     0  10152
     0  10678
     0  10945
     0  11217
     0  11407
     0  11435
     0  11462
     0  11416
     0  11213
     0  10931
     0  10592
     0  10177
     0   9733
     0   9198
     0   8578
     0   7889
     0   7175
     0   6451
     0   5610
     0   4816
     0   3970
     0   3080
     0   2197
     0   1377
     0    528
     0   -361
     0  -1154
     0  -2010
     0  -2754
     0  -3442
     0  -4177
     0  -4801
     0  -5349
     0  -5876
     0  -6287
     0  -6670
     0  -7006
     0  -7237
     0  -7367
     0  -7446
     0  -7421
     0  -7352
     0  -7167
     0  -6944
     0  -6619
     0  -6192
     0  -5717
     0  -5224
     0  -4639
     0  -3987
     0  -3297
     0  -2490
     0  -1743
     0   -948
     0    -37
     0    800
     0   1665
     0   2596
     0   3435
     0   4332
     0   5236
     0   6083
     0   6866
     0   7694
     0   8396
     0   9084
     0   9737
     0  10321
     0  10810
     0  11197
     0  11557
     0  11840
     0  12012
     0  12196
     0  12174
     0  12066
     0  11971
     0  11707
     0  11353
     0  11014
     0  10506
     0   9861
     0   9240
     0   8487
     0   7699
     0   6845
     0   5925
     0   4868
     0   3864
     0   2838
     0   1645
     0    544
     0   -595
     0  -1775
     0  -2967
     0  -4049
     0  -5157
     0  -6386
     0  -7394
     0  -8539
     0  -9539
     0 -10421
     0 -11431
     0 -12289
     0 -13021
     0 -13744
     0 -14312
     0 -14865
     0 -15396
     0 -15775
     0 -16001
     0 -16205
     0 -16250
     0 -16268
     0 -16131
     0 -15967
     0 -15649
     0 -15177
     0 -14681
     0 -14166
     0 -13503
     0 -12811
     0 -11992
     0 -11022
     0 -10172
     0  -9199
     0  -8083
     0  -7091
     0  -5991
     0  -4771
     0  -3688
     0  -2491
     0  -1304
     0   -144
     0    976
     0   2197
     0   3259
     0   4300
     0   5403
     0   6366
     0   7275
     0   8121
     0   8935
     0   9611
     0  10222
     0  10897
     0  11299
     0  11726
     0  12057
     0  12218
     0  12397
     0  12488
     0  12412
     0  12260
     0  12034
     0  11734
     0  11404
     0  10966
     0  10425
     0   9816
     0   9162
     0   8493
     0   7691
     0   6929
     0   6095
     0   5197
     0   4300
     0   3460
     0   2570
     0   1639
     0    777
     0   -168
     0   -992
     0  -1777
     0  -2634
     0  -3366
     0  -4045
     0  -4723
     0  -5273
     0  -5813
     0  -6306
     0  -6704
     0  -6997
     0  -7263
     0  -7405
     0  -7501
     0  -7499
     0  -7445
     0  -7282
     0  -7015
     0  -6704
     0  -6355
     0  -5905
     0  -5405
     0  -4830
     0  -4147
     0  -3505
     0  -2794
     0  -1977
     0  -1214
     0   -401
     0    488
     0   1299
     0   2179
     0   3068
     0   3921
     0   4732
     0   5595
     0   6348
     0   7090
     0   7821
     0   8482
     0   9065
     0   9566
     0  10038
     0  10433
     0  10732
     0  11049
     0  11161
     0  11211
     0  11254
     0  11130
     0  10938
     0  10740
     0  10375
     0   9885
     0   9398
     0   8784
     0   8133
     0   7403
     0   6598
     0   5662
     0   4753
     0   3817
     0   2715
     0   1688
     0    607
     0   -527
     0  -1679
     0  -2734
     0  -3829
     0  -5046
     0  -6069
     0  -7237
     0  -8260
     0  -9192
     0 -10254
     0 -11169
     0 -11974
     0 -12783
     0 -13434
     0 -14085
     0 -14716
     0 -15201
     0 -15538
     0 -15863
     0 -16023
     0 -16157
     0 -16146
     0 -16098
     0 -15896
     0 -15539
     0 -15155
     0 -14742
     0 -14175
     0 -13588
     0 -12847
     0 -11960
     0 -11181
     0 -10262
     0  -9199
     0  -8254
     0  -7180
     0  -5973
     0  -4897
     0  -3697
     0  -2496
     0  -1311
     0   -150
     0   1126
     0   2251
     0   3357
     0   4552
     0   5601
     0   6609
     0   7570
     0   8504
     0   9291
     0  10029
     0  10843
     0  11374
     0  11956
     0  12420
     0  12714
     0  13046
     0  13272
     0  13330
     0  13317
     0  13210
     0  13035
     0  12830
     0  12501
     0  12055
     0  11544
     0  10965
     0  10368
     0   9627
     0   8916
     0   8114
     0   7229
     0   6342
     0   5502
     0   4593
     0   3640
     0   2730
     0   1719
     0    841
     0    -33
     0   -988
     0  -1809
     0  -2604
     0  -3417
     0  -4092
     0  -4777
     0  -5421
     0  -5972
     0  -6424
     0  -6867
     0  -7172
     0  -7432
     0  -7616
     0  -7729
     0  -7737
     0  -7639
     0  -7499
     0  -7296
     0  -6995
     0  -6660
     0  -6214
     0  -5672
     0  -5151
     0  -4541
     0  -3836
     0  -3167
     0  -2425
     0  -1602
     0   -837
     0      2
     0    855
     0   1694
     0   2512
     0   3387
     0   4172
     0   4950
     0   5739
     0   6459
     0   7122
     0   7720
     0   8294
     0   8788
     0   9203
     0   9642
     0   9887
     0  10089
     0  10262
     0  10283
     0  10252
     0  10196
     0   9980
     0   9651
     0   9304
     0   8842
     0   8338
     0   7746
     0   7073
     0   6276
     0   5485
     0   4656
     0   3666
     0   2732
     0   1734
     0    671
     0   -417
     0  -1423
     0  -2480
     0  -3662
     0  -4677
     0  -5840
     0  -6866
     0  -7820
     0  -8913
     0  -9860
     0 -10719
     0 -11593
     0 -12313
     0 -13045
     0 -13759
     0 -14336
     0 -14773
     0 -15207
     0 -15475
     0 -15718
     0 -15829
     0 -15895
     0 -15808
     0 -15570
     0 -15301
     0 -14994
     0 -14533
     0 -14054
     0 -13408
     0 -12614
     0 -11920
     0 -11072
     0 -10080
     0  -9195
     0  -8168
     0  -7000
     0  -5950
     0  -4768
     0  -3575
     0  -2388
     0  -1208
     0     96
     0   1261
     0   2413
     0   3669
     0   4787
     0   5876
     0   6928
     0   7958
     0   8844
     0   9688
     0  10624
     0  11277
     0  11991
     0  12579
     0  12999
     0  13474
     0  13830
     0  14013
     0  14135
     0  14147
     0  14097
     0  14015
     0  13799
     0  13452
     0  13045
     0  12549
     0  12032
     0  11361
     0  10711
     0   9954
     0   9098
     0   8232
     0   7406
     0   6491
     0   5535
     0   4589
     0   3530
     0   2605
     0   1668
     0    626
     0   -272
     0  -1168
     0  -2101
     0  -2892
     0  -3709
     0  -4489
     0  -5184
     0  -5784
     0  -6397
     0  -6858
     0  -7281
     0  -7647
     0  -7924
     0  -8099
     0  -8173
     0  -8200
     0  -8151
     0  -8001
     0  -7837
     0  -7523
     0  -7130
     0  -6739
     0  -6237
     0  -5661
     0  -5093
     0  -4433
     0  -3691
     0  -2981
     0  -2195
     0  -1391
     0   -579
     0    233
     0   1108
     0   1913
     0   2716
     0   3552
     0   4321
     0   5054
     0   5743
     0   6409
     0   6995
     0   7524
     0   8080
     0   8454
     0   8809
     0   9112
     0   9279
     0   9414
     0   9499
     0   9441
     0   9282
     0   9087
     0   8788
     0   8441
     0   8003
     0   7471
     0   6828
     0   6167
     0   5468
     0   4609
     0   3787
     0   2890
     0   1915
     0    914
     0    -25
     0  -1031
     0  -2147
     0  -3139
     0  -4275
     0  -5288
     0  -6250
     0  -7351
     0  -8316
     0  -9216
     0 -10142
     0 -10922
     0 -11722
     0 -12509
     0 -13171
     0 -13703
     0 -14243
     0 -14618
     0 -14969
     0 -15203
     0 -15385
     0 -15421
     0 -15308
     0 -15166
     0 -14973
     0 -14631
     0 -14276
     0 -13737
     0 -13060
     0 -12466
     0 -11708
     0 -10812
     0 -10009
     0  -9047
     0  -7945
     0  -6945
     0  -5802
     0  -4647
     0  -3480
     0  -2306
     0   -998
     0    180
     0   1355
     0   2653
     0   3815
     0   4959
     0   6088
     0   7197
     0   8164
     0   9100
     0  10142
     0  10898
     0  11736
     0  12441
     0  12980
     0  13593
     0  14072
     0  14384
     0  14643
     0  14775
     0  14854
     0  14904
     0  14808
     0  14571
     0  14281
     0  13881
     0  13459
     0  12877
     0  12306
     0  11613
     0  10804
     0   9985
     0   9190
     0   8291
     0   7354
     0   6396
     0   5312
     0   4366
     0   3382
     0   2283
     0   1324
     0    349
     0   -686
     0  -1570
     0  -2503
     0  -3406
     0  -4228
     0  -4968
     0  -5734
     0  -6348
     0  -6920
     0  -7458
     0  -7897
     0  -8236
     0  -8481
     0  -8678
     0  -8784
     0  -8793
     0  -8801
     0  -8629
     0  -8399
     0  -8145
     0  -7768
     0  -7328
     0  -6882
     0  -6322
     0  -5675
     0  -5041
     0  -4328
     0  -3593
     0  -2829
     0  -2042
     0  -1189
     0   -384
     0    422
     0   1284
     0   2084
     0   2867
     0   3628
     0   4371
     0   5035
     0   5661
     0   6321
     0   6814
     0   7308
     0   7735
     0   8040
     0   8334
     0   8563
     0   8657
     0   8671
     0   8624
     0   8491
     0   8312
     0   8035
     0   7657
     0   7182
     0   6663
     0   6105
     0   5392
     0   4703
     0   3926
     0   3061
     0   2167
     0   1314
     0    384
     0   -646
     0  -1587
     0  -2676
     0  -3650
     0  -4597
     0  -5683
     0  -6647
     0  -7563
     0  -8519
     0  -9336
     0 -10186
     0 -11026
     0 -11755
     0 -12368
     0 -12998
     0 -13468
     0 -13916
     0 -14265
     0 -14555
     0 -14709
     0 -14720
     0 -14701
     0 -14625
     0 -14403
     0 -14177
     0 -13752
     0 -13201
     0 -12715
     0 -12061
     0 -11277
     0 -10567
     0  -9693
     0  -8671
     0  -7737
     0  -6659
     0  -5563
     0  -4436
     0  -3293
     0  -2009
     0   -840
     0    336
     0   1646
     0   2825
     0   4008
     0   5182
     0   6351
     0   7377
     0   8386
     0   9510
     0  10353
     0  11297
     0  12100
     0  12744
     0  13479
     0  14070
     0  14499
     0  14885
     0  15133
     0  15337
     0  15511
     0  15534
     0  15408
     0  15234
     0  14936
     0  14613
     0  14127
     0  13641
     0  13022
     0  12273
     0  11509
     0  10761
     0   9894
     0   8989
     0   8035
     0   6945
     0   5993
     0   4979
     0   3839
     0   2841
     0   1800
     0    684
     0   -280
     0  -1311
     0  -2317
     0  -3252
     0  -4114
     0  -5025
     0  -5773
     0  -6487
     0  -7186
     0  -7774
     0  -8272
     0  -8682
     0  -9043
     0  -9300
     0  -9464
     0  -9644
     0  -9615
     0  -9547
     0  -9437
     0  -9186
     0  -8892
     0  -8568
     0  -8112
     0  -7574
     0  -7025
     0  -6394
     0  -5741
     0  -5035
     0  -4285
     0  -3467
     0  -2673
     0  -1876
     0  -1000
     0   -184
     0    640
     0   1462
     0   2270
     0   3002
     0   3719
     0   4471
     0   5076
     0   5704
     0   6249
     0   6690
     0   7139
     0   7506
     0   7759
     0   7944
     0   8053
     0   8091
     0   8081
     0   7969
     0   7753
     0   7455
     0   7090
     0   6685
     0   6133
     0   5587
     0   4945
     0   4207
     0   3433
     0   2682
     0   1849
     0    925
     0     47
     0   -970
     0  -1892
     0  -2810
     0  -3862
     0  -4805
     0  -5723
     0  -6696
     0  -7538
     0  -8424
     0  -9306
     0 -10092
     0 -10777
     0 -11489
     0 -12049
     0 -12589
     0 -13049
     0 -13446
     0 -13718
     0 -13858
     0 -13969
     0 -14013
     0 -13921
     0 -13829
     0 -13530
     0 -13120
     0 -12758
     0 -12220
     0 -11566
     0 -10967
     0 -10198
     0  -9281
     0  -8436
     0  -7445
     0  -6432
     0  -5372
     0  -4278
     0  -3044
     0  -1907
     0   -755
     0    542
     0   1720
     0   2915
     0   4118
     0   5317
     0   6382
     0   7447
     0   8633
     0   9551
     0  10585
     0  11472
     0  12210
     0  13054
     0  13750
     0  14291
     0  14801
     0  15163
     0  15491
     0  15790
     0  15935
     0  15927
     0  15879
     0  15692
     0  15479
     0  15102
     0  14716
     0  14187
     0  13517
     0  12829
     0  12145
     0  11331
     0  10480
     0   9554
     0   8483
     0   7547
     0   6526
     0   5372
     0   4358
     0   3274
     0   2100
     0   1077
     0    -31
     0  -1119
     0  -2146
     0  -3114
     0  -4149
     0  -5017
     0  -5856
     0  -6707
     0  -7433
     0  -8080
     0  -8646
     0  -9169
     0  -9570
     0  -9889
     0 -10241
     0 -10356
     0 -10457
     0 -10494
     0 -10375
     0 -10237
     0 -10046
     0  -9712
     0  -9294
     0  -8842
     0  -8312
     0  -7755
     0  -7127
     0  -6434
     0  -5671
     0  -4909
     0  -4140
     0  -3273
     0  -2460
     0  -1618
     0   -755
     0     97
     0    880
     0   1668
     0   2494
     0   3198
     0   3943
     0   4591
     0   5157
     0   5751
     0   6245
     0   6645
     0   7001
     0   7259
     0   7465
     0   7624
     0   7678
     0   7631
     0   7512
     0   7313
     0   7066
     0   6689
     0   6294
     0   5801
     0   5209
     0   4574
     0   3944
     0   3222
     0   2419
     0   1625
     0    701
     0   -143
     0  -1009
     0  -2004
     0  -2903
     0  -3804
     0  -4766
     0  -5615
     0  -6515
     0  -7415
     0  -8239
     0  -8978
     0  -9754
     0 -10388
     0 -11006
     0 -11564
     0 -12056
     0 -12436
     0 -12698
     0 -12930
     0 -13092
     0 -13127
     0 -13169
     0 -13000
     0 -12734
     0 -12496
     0 -12086
     0 -11572
     0 -11095
     0 -10444
     0  -9651
     0  -8908
     0  -8021
     0  -7105
     0  -6134
     0  -5117
     0  -3955
     0  -2870
     0  -1767
     0   -506
     0    646
     0   1826
     0   3028
     0   4237
     0   5324
     0   6419
     0   7638
     0   8610
     0   9706
     0  10658
     0  11476
     0  12408
     0  13191
     0  13830
     0  14449
     0  14915
     0  15355
     0  15771
     0  16030
     0  16136
     0  16210
     0  16133
     0  16030
     0  15766
     0  15483
     0  15051
     0  14471
     0  13867
     0  13259
     0  12509
     0  11726
     0  10841
     0   9807
     0   8901
     0   7894
     0   6743
     0   5729
     0   4624
     0   3415
     0   2350
     0   1189
     0     40
     0  -1065
     0  -2118
     0  -3254
     0  -4226
     0  -5172
     0  -6157
     0  -7008
     0  -7789
     0  -8497
     0  -9169
     0  -9708
     0 -10171
     0 -10687
     0 -10943
     0 -11206
     0 -11384
     0 -11401
     0 -11416
     0 -11361
     0 -11149
     0 -10856
     0 -10508
     0 -10086
     0  -9632
     0  -9089
     0  -8462
     0  -7765
     0  -7047
     0  -6317
     0  -5472
     0  -4674
     0  -3826
     0  -2935
     0  -2051
     0  -1231
     0   -383
     0    505
     0   1294
     0   2146
     0   2887
     0   3568
     0   4298
     0   4916
     0   5458
     0   5973
     0   6378
     0   6750
     0   7075
     0   7300
     0   7420
     0   7487
     0   7451
     0   7373
     0   7176
     0   6941
     0   6607
     0   6166
     0   5682
     0   5182
     0   4584
     0   3923
     0   3226
     0   2410
     0   1652
     0    855
     0    -64
     0   -908
     0  -1777
     0  -2713
     0  -3555
     0  -4455
     0  -5360
     0  -6208
     0  -6992
     0  -7819
     0  -8519
     0  -9206
     0  -9857
     0 -10438
     0 -10923
     0 -11305
     0 -11659
     0 -11937
     0 -12103
     0 -12281
     0 -12250
     0 -12135
     0 -12034
     0 -11760
     0 -11400
     0 -11055
     0 -10537
     0  -9884
     0  -9261
     0  -8496
     0  -7702
     0  -6838
     0  -5917
     0  -4851
     0  -3841
     0  -2807
     0  -1612
     0   -510
     0    636
     0   1818
     0   3012
     0   4095
     0   5203
     0   6435
     0   7443
     0   8587
     0   9585
     0  10468
     0  11475
     0  12331
     0  13059
     0  13779
     0  14341
     0  14892
     0  15419
     0  15792
     0  16014
     0  16213
     0  16252
     0  16265
     0  16124
     0  15954
     0  15631
     0  15156
     0  14654
     0  14134
     0  13469
     0  12774
     0  11950
     0  10977
     0  10127
     0   9153
     0   8031
     0   7041
     0   5941
     0   4721
     0   3642
     0   2447
     0   1261
     0    105
     0  -1012
     0  -2228
     0  -3285
     0  -4323
     0  -5419
     0  -6376
     0  -7280
     0  -8118
     0  -8926
     0  -9592
     0 -10195
     0 -10864
     0 -11260
     0 -11680
     0 -12003
     0 -12157
     0 -12330
     0 -12412
     0 -12330
     0 -12171
     0 -11940
     0 -11635
     0 -11298
     0 -10856
     0 -10312
     0  -9701
     0  -9044
     0  -8372
     0  -7570
     0  -6808
     0  -5974
     0  -5077
     0  -4184
     0  -3345
     0  -2460
     0  -1532
     0   -677
     0    262
     0   1078
     0   1859
     0   2707
     0   3431
     0   4104
     0   4769
     0   5309
     0   5839
     0   6325
     0   6710
     0   6993
     0   7245
     0   7376
     0   7464
     0   7454
     0   7384
     0   7215
     0   6939
     0   6618
     0   6258
     0   5803
     0   5292
     0   4712
     0   4023
     0   3373
     0   2658
     0   1835
     0   1070
     0    256
     0   -635
     0  -1448
     0  -2326
     0  -3214
     0  -4066
     0  -4874
     0  -5732
     0  -6480
     0  -7218
     0  -7943
     0  -8597
     0  -9173
     0  -9665
     0 -10128
     0 -10515
     0 -10804
     0 -11110
     0 -11213
     0 -11252
     0 -11283
     0 -11153
     0 -10946
     0 -10738
     0 -10364
     0  -9861
     0  -9365
     0  -8743
     0  -8082
     0  -7343
     0  -6529
     0  -5585
     0  -4671
     0  -3728
     0  -2619
     0  -1589
     0   -504
     0    633
     0   1787
     0   2843
     0   3941
     0   5157
     0   6182
     0   7345
     0   8367
     0   9294
     0  10352
     0  11262
     0  12060
     0  12862
     0  13508
     0  14152
     0  14775
     0  15251
     0  15579
     0  15894
     0  16045
     0  16170
     0  16149
     0  16093
     0  15882
     0  15516
     0  15122
     0  14700
     0  14125
     0  13527
     0  12782
     0  11886
     0  11102
     0  10177
     0   9108
     0   8158
     0   7083
     0   5873
     0   4797
     0   3594
     0   2392
     0   1208
     0     47
     0  -1225
     0  -2346
     0  -3450
     0  -4639
     0  -5685
     0  -6687
     0  -7638
     0  -8565
     0  -9345
     0 -10072
     0 -10880
     0 -11402
     0 -11970
     0 -12426
     0 -12710
     0 -13034
     0 -13249
     0 -13296
     0 -13273
     0 -13157
     0 -12972
     0 -12757
     0 -12419
     0 -11965
     0 -11446
     0 -10859
     0 -10256
     0  -9509
     0  -8791
     0  -7986
     0  -7097
     0  -6207
     0  -5364
     0  -4454
     0  -3502
     0  -2591
     0  -1582
     0   -704
     0    163
     0   1113
     0   1933
     0   2722
     0   3529
     0   4195
     0   4872
     0   5511
     0   6049
     0   6490
     0   6924
     0   7219
     0   7468
     0   7643
     0   7745
     0   7741
     0   7634
     0   7479
     0   7268
     0   6956
     0   6610
     0   6151
     0   5600
     0   5071
     0   4452
     0   3739
     0   3064
     0   2314
     0   1486
     0    715
     0   -130
     0   -987
     0  -1830
     0  -2650
     0  -3527
     0  -4312
     0  -5090
     0  -5878
     0  -6597
     0  -7257
     0  -7852
     0  -8422
     0  -8911
     0  -9322
     0  -9755
     0  -9992
     0 -10186
     0 -10353
     0 -10368
     0 -10325
     0 -10262
     0 -10040
     0  -9699
     0  -9342
     0  -8875
     0  -8363
     0  -7761
     0  -7078
     0  -6271
     0  -5471
     0  -4637
     0  -3639
     0  -2701
     0  -1695
     0   -625
     0    466
     0   1477
     0   2541
     0   3722
     0   4741
     0   5904
     0   6935
     0   7889
     0   8981
     0   9930
     0  10787
     0  11661
     0  12378
     0  13107
     0  13818
     0  14392
     0  14825
     0  15254
     0  15518
     0  15756
     0  15861
     0  15921
     0  15831
     0  15585
     0  15311
     0  14998
     0  14533
     0  14048
     0  13397
     0  12599
     0  11901
     0  11051
     0  10054
     0   9167
     0   8135
     0   6965
     0   5914
     0   4730
     0   3539
     0   2352
     0   1171
     0   -132
     0  -1293
     0  -2445
     0  -3695
     0  -4813
     0  -5897
     0  -6945
     0  -7971
     0  -8852
     0  -9691
     0 -10620
     0 -11265
     0 -11974
     0 -12557
     0 -12969
     0 -13437
     0 -13786
     0 -13964
     0 -14080
     0 -14085
     0 -14030
     0 -13942
     0 -13721
     0 -13369
     0 -12958
     0 -12458
     0 -11938
     0 -11265
     0 -10613
     0  -9854
     0  -8996
     0  -8132
     0  -7305
     0  -6393
     0  -5437
     0  -4494
     0  -3439
     0  -2519
     0  -1585
     0   -552
     0    342
     0   1231
     0   2156
     0   2940
     0   3747
     0   4522
     0   5204
     0   5798
     0   6396
     0   6853
     0   7263
     0   7617
     0   7883
     0   8052
     0   8113
     0   8131
     0   8074
     0   7915
     0   7741
     0   7419
     0   7019
     0   6620
     0   6115
     0   5529
     0   4958
     0   4294
     0   3547
     0   2836
     0   2048
     0   1243
     0    431
     0   -381
     0  -1255
     0  -2057
     0  -2856
     0  -3688
     0  -4452
     0  -5179
     0  -5862
     0  -6519
     0  -7100
     0  -7620
     0  -8168
     0  -8532
     0  -8874
     0  -9170
     0  -9326
     0  -9447
     0  -9525
     0  -9456
     0  -9285
     0  -9077
     0  -8767
     0  -8412
     0  -7963
     0  -7424
     0  -6768
     0  -6097
     0  -5390
     0  -4524
     0  -3694
     0  -2791
     0  -1811
     0   -804
     0    142
     0   1148
     0   2267
     0   3260
     0   4396
     0   5413
     0   6371
     0   7472
     0   8436
     0   9331
     0  10253
     0  11025
     0  11820
     0  12602
     0  13257
     0  13782
     0  14313
     0  14679
     0  15021
     0  15246
     0  15419
     0  15446
     0  15323
     0  15170
     0  14969
     0  14616
     0  14251
     0  13705
     0  13018
     0  12416
     0  11650
     0  10748
     0   9937
     0   8971
     0   7862
     0   6856
     0   5710
     0   4554
     0   3382
     0   2207
     0    899
     0   -281
     0  -1455
     0  -2749
     0  -3907
     0  -5054
     0  -6174
     0  -7278
     0  -8240
     0  -9172
     0 -10205
     0 -10952
     0 -11784
     0 -12477
     0 -13009
     0 -13612
     0 -14084
     0 -14385
     0 -14634
     0 -14757
     0 -14827
     0 -14866
     0 -14760
     0 -14515
     0 -14214
     0 -13807
     0 -13377
     0 -12786
     0 -12209
     0 -11509
     0 -10694
     0  -9869
     0  -9071
     0  -8170
     0  -7228
     0  -6269
     0  -5183
     0  -4238
     0  -3253
     0  -2156
     0  -1203
     0   -228
     0    803
     0   1683
     0   2609
     0   3507
     0   4321
     0   5051
     0   5810
     0   6415
     0   6975
     0   7504
     0   7930
     0   8262
     0   8494
     0   8681
     0   8776
     0   8774
     0   8769
     0   8587
     0   8347
     0   8084
     0   7697
     0   7246
     0   6790
     0   6220
     0   5567
     0   4925
     0   4205
     0   3465
     0   2694
     0   1904
     0   1047
     0    239
     0   -569
     0  -1433
     0  -2231
     0  -3015
     0  -3774
     0  -4513
     0  -5175
     0  -5799
     0  -6453
     0  -6940
     0  -7427
     0  -7850
     0  -8147
     0  -8432
     0  -8654
     0  -8741
     0  -8743
     0  -8688
     0  -8545
     0  -8355
     0  -8068
     0  -7683
     0  -7194
     0  -6667
     0  -6100
     0  -5376
     0  -4680
     0  -3893
     0  -3022
     0  -2117
     0  -1257
     0   -325
     0    714
     0   1660
     0   2754
     0   3732
     0   4681
     0   5773
     0   6736
     0   7654
     0   8611
     0   9428
     0  10277
     0  11116
     0  11844
     0  12454
     0  13081
     0  13547
     0  13991
     0  14335
     0  14621
     0  14769
     0  14775
     0  14750
     0  14668
     0  14441
     0  14206
     0  13776
     0  13218
     0  12726
     0  12067
     0  11275
     0  10564
     0   9684
     0   8655
     0   7719
     0   6638
     0   5537
     0   4412
     0   3263
     0   1976
     0    809
     0   -370
     0  -1682
     0  -2861
     0  -4043
     0  -5217
     0  -6381
     0  -7402
     0  -8411
     0  -9530
     0 -10371
     0 -11310
     0 -12108
     0 -12747
     0 -13475
     0 -14062
     0 -14485
     0 -14866
     0 -15108
     0 -15307
     0 -15475
     0 -15492
     0 -15361
     0 -15182
     0 -14880
     0 -14552
     0 -14061
     0 -13572
     0 -12950
     0 -12199
     0 -11434
     0 -10683
     0  -9816
     0  -8909
     0  -7958
     0  -6867
     0  -5918
     0  -4905
     0  -3767
     0  -2776
     0  -1739
     0   -628
     0    331
     0   1358
     0   2355
     0   3285
     0   4139
     0   5040
     0   5779
     0   6483
     0   7177
     0   7755
     0   8244
     0   8642
     0   8997
     0   9244
     0   9401
     0   9572
     0   9535
     0   9456
     0   9340
     0   9079
     0   8780
     0   8450
     0   7989
     0   7445
     0   6891
     0   6258
     0   5600
     0   4892
     0   4142
     0   3323
     0   2531
     0   1733
     0    860
     0     47
     0   -772
     0  -1589
     0  -2390
     0  -3119
     0  -3829
     0  -4573
     0  -5170
     0  -5788
     0  -6324
     0  -6757
     0  -7195
     0  -7552
     0  -7792
     0  -7967
     0  -8065
     0  -8092
     0  -8069
     0  -7948
     0  -7721
     0  -7414
     0  -7040
     0  -6621
     0  -6061
     0  -5508
     0  -4851
     0  -4111
     0  -3328
     0  -2574
     0  -1734
     0   -801
     0     78
     0   1101
     0   2025
     0   2943
     0   3997
     0   4939
     0   5858
     0   6826
     0   7666
     0   8548
     0   9426
     0  10207
     0  10886
     0  11591
     0  12144
     0  12677
     0  13128
     0  13517
     0  13780
     0  13910
     0  14009
     0  14045
     0  13943
     0  13841
     0  13534
     0  13110
     0  12739
     0  12196
     0  11530
     0  10922
     0  10145
     0   9222
     0   8368
     0   7371
     0   6349
     0   5288
     0   4188
     0   2951
     0   1810
     0    657
     0   -644
     0  -1823
     0  -3014
     0  -4216
     0  -5416
     0  -6479
     0  -7541
     0  -8721
     0  -9633
     0 -10659
     0 -11539
     0 -12272
     0 -13109
     0 -13796
     0 -14329
     0 -14831
     0 -15181
     0 -15501
     0 -15791
     0 -15927
     0 -15909
     0 -15851
     0 -15655
     0 -15433
     0 -15046
     0 -14653
     0 -14116
     0 -13439
     0 -12743
     0 -12053
     0 -11233
     0 -10376
     0  -9446
     0  -8371
     0  -7433
     0  -6411
     0  -5254
     0  -4242
     0  -3159
     0  -1988
     0   -967
     0    137
     0   1224
     0   2248
     0   3208
     0   4234
     0   5097
     0   5927
     0   6771
     0   7488
     0   8127
     0   8681
     0   9191
     0   9585
     0   9895
     0  10235
     0  10340
     0  10428
     0  10453
     0  10326
     0  10176
     0   9977
     0   9632
     0   9204
     0   8745
     0   8206
     0   7641
     0   7004
     0   6306
     0   5537
     0   4771
     0   3998
     0   3127
     0   2311
     0   1469
     0    604
     0   -247
     0  -1029
     0  -1813
     0  -2638
     0  -3337
     0  -4077
     0  -4721
     0  -5279
     0  -5867
     0  -6355
     0  -6747
     0  -7093
     0  -7343
     0  -7538
     0  -7687
     0  -7734
     0  -7674
     0  -7546
     0  -7334
     0  -7080
     0  -6690
     0  -6285
     0  -5780
     0  -5178
     0  -4535
     0  -3896
     0  -3164
     0  -2355
     0  -1554
     0   -619
     0    232
     0   1103
     0   2101
     0   3007
     0   3911
     0   4875
     0   5726
     0   6628
     0   7529
     0   8353
     0   9092
     0   9865
     0  10497
     0  11113
     0  11668
     0  12156
     0  12531
     0  12788
     0  13014
     0  13169
     0  13199
     0  13233
     0  13059
     0  12785
     0  12542
     0  12127
     0  11601
     0  11119
     0  10462
     0   9661
     0   8911
     0   8017
     0   7095
     0   6121
     0   5097
     0   3930
     0   2841
     0   1734
     0    471
     0   -684
     0  -1866
     0  -3075
     0  -4281
     0  -5365
     0  -6462
     0  -7679
     0  -8651
     0  -9746
     0 -10694
     0 -11507
     0 -12439
     0 -13217
     0 -13852
     0 -14466
     0 -14927
     0 -15364
     0 -15774
     0 -16030
     0 -16130
     0 -16198
     0 -16116
     0 -16008
     0 -15739
     0 -15452
     0 -15015
     0 -14430
     0 -13823
     0 -13211
     0 -12459
     0 -11674
     0 -10786
     0  -9751
     0  -8845
     0  -7836
     0  -6687
     0  -5674
     0  -4573
     0  -3364
     0  -2304
     0  -1142
     0      2
     0   1101
     0   2151
     0   3281
     0   4247
     0   5187
     0   6164
     0   7006
     0   7782
     0   8481
     0   9145
     0   9676
     0  10134
     0  10640
     0  10886
     0  11140
     0  11312
     0  11323
     0  11329
     0  11268
     0  11050
     0  10750
     0  10398
     0   9969
     0   9511
     0   8964
     0   8335
     0   7635
     0   6917
     0   6185
     0   5340
     0   4543
     0   3696
     0   2808
     0   1929
     0   1111
     0    270
     0   -613
     0  -1396
     0  -2239
     0  -2975
     0  -3648
     0  -4368
     0  -4977
     0  -5508
     0  -6016
     0  -6409
     0  -6771
     0  -7087
     0  -7299
     0  -7406
     0  -7466
     0  -7417
     0  -7327
     0  -7116
     0  -6875
     0  -6530
     0  -6081
     0  -5590
     0  -5081
     0  -4478
     0  -3804
     0  -3105
     0  -2282
     0  -1521
     0   -720
     0    204
     0   1050
     0   1919
     0   2856
     0   3696
     0   4595
     0   5499
     0   6344
     0   7124
     0   7946
     0   8641
     0   9322
     0   9964
     0  10538
     0  11015
     0  11389
     0  11733
     0  12002
     0  12159
     0  12325
     0  12283
     0  12160
     0  12048
     0  11765
     0  11391
     0  11037
     0  10511
     0   9847
     0   9214
     0   8442
     0   7638
     0   6769
     0   5836
     0   4766
     0   3752
     0   2711
     0   1510
     0    405
     0   -741
     0  -1925
     0  -3121
     0  -4203
     0  -5310
     0  -6539
     0  -7547
     0  -8687
     0  -9679
     0 -10558
     0 -11560
     0 -12412
     0 -13132
     0 -13844
     0 -14399
     0 -14941
     0 -15458
     0 -15824
     0 -16036
     0 -16225
     0 -16255
     0 -16259
     0 -16107
     0 -15929
     0 -15597
     0 -15112
     0 -14602
     0 -14075
     0 -13402
     0 -12699
     0 -11872
     0 -10891
     0 -10035
     0  -9056
     0  -7932
     0  -6936
     0  -5837
     0  -4614
     0  -3533
     0  -2342
     0  -1156
     0     -2
     0   1112
     0   2324
     0   3376
     0   4407
     0   5496
     0   6452
     0   7344
     0   8175
     0   8975
     0   9634
     0  10227
     0  10885
     0  11270
     0  11680
     0  11991
     0  12136
     0  12296
     0  12369
     0  12277
     0  12109
     0  11867
     0  11553
     0  11208
     0  10757
     0  10205
     0   9586
     0   8923
     0   8245
     0   7438
     0   6671
     0   5833
     0   4936
     0   4041
     0   3201
     0   2314
     0   1388
     0    533
     0   -401
     0  -1215
     0  -1990
     0  -2833
     0  -3552
     0  -4217
     0  -4876
     0  -5409
     0  -5930
     0  -6406
     0  -6781
     0  -7054
     0  -7297
     0  -7417
     0  -7493
     0  -7471
     0  -7394
     0  -7211
     0  -6925
     0  -6591
     0  -6222
     0  -5756
     0  -5235
     0  -4646
     0  -3946
     0  -3290
     0  -2569
     0  -1739
     0   -966
     0   -144
     0    751
     0   1567
     0   2451
     0   3342
     0   4196
     0   5004
     0   5864
     0   6611
     0   7348
     0   8070
     0   8722
     0   9295
     0   9782
     0  10242
     0  10624
     0  10906
     0  11207
     0  11303
     0  11334
     0  11357
     0  11218
     0  11005
     0  10788
     0  10406
     0   9893
     0   9393
     0   8762
     0   8092
     0   7346
     0   6524
     0   5573
     0   4650
     0   3703
     0   2587
     0   1553
     0    461
     0   -681
     0  -1839
     0  -2897
     0  -3994
     0  -5216
     0  -6241
     0  -7406
     0  -8427
     0  -9352
     0 -10411
     0 -11318
     0 -12116
     0 -12916
     0 -13558
     0 -14197
     0 -14817
     0 -15289
     0 -15613
     0 -15923
     0 -16069
     0 -16189
     0 -16162
     0 -16100
     0 -15884
     0 -15512
     0 -15114
     0 -14687
     0 -14109
     0 -13507
     0 -12756
     0 -11857
     0 -11068
     0 -10142
     0  -9071
     0  -8119
     0  -7041
     0  -5832
     0  -4755
     0  -3554
     0  -2352
     0  -1172
     0    -14
     0   1257
     0   2374
     0   3475
     0   4657
     0   5699
     0   6694
     0   7644
     0   8563
     0   9337
     0  10058
     0  10857
     0  11375
     0  11936
     0  12387
     0  12663
     0  12978
     0  13186
     0  13227
     0  13198
     0  13075
     0  12885
     0  12664
     0  12322
     0  11863
     0  11340
     0  10751
     0  10144
     0   9395
     0   8677
     0   7871
     0   6984
     0   6096
     0   5254
     0   4346
     0   3397
     0   2490
     0   1488
     0    614
     0   -248
     0  -1190
     0  -2004
     0  -2784
     0  -3581
     0  -4241
     0  -4908
     0  -5537
     0  -6067
     0  -6498
     0  -6919
     0  -7203
     0  -7445
     0  -7607
     0  -7697
     0  -7684
     0  -7567
     0  -7405
     0  -7182
     0  -6863
     0  -6508
     0  -6042
     0  -5482
     0  -4946
     0  -4324
     0  -3605
     0  -2926
     0  -2172
     0  -1341
     0   -568
     0    277
     0   1134
     0   1976
     0   2794
     0   3668
     0   4449
     0   5224
     0   6006
     0   6719
     0   7373
     0   7959
     0   8520
     0   9002
     0   9405
     0   9827
     0  10055
     0  10238
     0  10394
     0  10399
     0  10344
     0  10271
     0  10038
     0   9686
     0   9323
     0   8843
     0   8318
     0   7708
     0   7017
     0   6203
     0   5392
     0   4552
     0   3548
     0   2602
     0   1591
     0    516
     0   -578
     0  -1591
     0  -2658
     0  -3842
     0  -4862
     0  -6023
     0  -7053
     0  -8003
     0  -9094
     0 -10038
     0 -10889
     0 -11757
     0 -12469
     0 -13191
     0 -13895
     0 -14461
