0 0
683 683
1365 1365
2047 2047
2727 2727
3407 3407
4085 4085
4762 4762
5436 5436
6108 6108
6777 6777
7444 7444
8107 8107
8766 8766
9422 9422
10074 10074
10721 10721
11364 11364
12002 12002
12634 12634
13261 13261
13883 13883
14498 14498
15107 15107
15709 15709
16305 16305
16894 16894
17475 17475
18048 18048
18614 18614
19172 19172
19721 19721
20262 20262
20794 20794
21317 21317
21831 21831
22335 22335
22830 22830
23315 23315
23789 23789
24253 24253
24707 24707
25150 25150
25582 25582
26003 26003
26413 26413
26811 26811
27198 27198
27572 27572
27935 27935
28286 28286
28624 28624
28950 28950
29264 29264
29565 29565
29853 29853
30127 30127
30389 30389
30638 30638
30873 30873
31095 31095
31304 31304
31499 31499
31680 31680
31847 31847
32001 32001
32141 32141
32267 32267
32379 32379
32476 32476
32560 32560
32630 32630
32685 32685
32726 32726
32753 32753
32766 32766
32764 32764
32749 32749
32719 32719
32675 32675
32617 32617
32544 32544
32458 32458
32357 32357
32242 32242
32114 32114
31971 31971
31815 31815
31644 31644
31460 31460
31263 31263
31051 31051
30827 30827
30588 30588
30337 30337
30073 30073
29795 29795
29504 29504
29201 29201
28885 28885
28557 28557
28216 28216
27862 27862
27497 27497
27120 27120
26731 26731
26330 26330
25918 25918
25495 25495
25061 25061
24616 24616
24160 24160
23693 23693
23217 23217
22730 22730
22233 22233
21727 21727
21211 21211
20687 20687
20153 20153
19610 19610
19059 19059
18500 18500
17932 17932
17357 17357
16774 16774
16184 16184
15587 15587
14983 14983
14373 14373
13757 13757
13134 13134
12506 12506
11872 11872
11233 11233
10590 10590
9942 9942
9289 9289
8632 8632
7972 7972
7308 7308
6641 6641
5971 5971
5299 5299
4624 4624
3947 3947
3269 3269
2589 2589
1908 1908
1226 1226
544 544
-139 -139
-822 -822
-1504 -1504
-2185 -2185
-2866 -2866
-3545 -3545
-4223 -4223
-4899 -4899
-5573 -5573
-6244 -6244
-6913 -6913
-7579 -7579
-8241 -8241
-8900 -8900
-9555 -9555
-10206 -10206
-10852 -10852
-11494 -11494
-12131 -12131
-12762 -12762
-13388 -13388
-14008 -14008
-14622 -14622
-15230 -15230
-15831 -15831
-16425 -16425
-17012 -17012
-17592 -17592
-18164 -18164
-18728 -18728
-19284 -19284
-19832 -19832
-20371 -20371
-20901 -20901
-21423 -21423
-21934 -21934
-22437 -22437
-22929 -22929
-23412 -23412
-23884 -23884
-24347 -24347
-24798 -24798
-25239 -25239
-25669 -25669
-26087 -26087
-26495 -26495
-26891 -26891
-27275 -27275
-27647 -27647
-28008 -28008
-28356 -28356
-28692 -28692
-29015 -29015
-29326 -29326
-29624 -29624
-29910 -29910
-30182 -30182
-30441 -30441
-30687 -30687
-30920 -30920
-31139 -31139
-31345 -31345
-31537 -31537
-31715 -31715
-31880 -31880
-32031 -32031
-32168 -32168
-32291 -32291
-32400 -32400
-32495 -32495
-32575 -32575
-32642 -32642
-32694 -32694
-32733 -32733
-32757 -32757
-32767 -32767
-32762 -32762
-32744 -32744
-32711 -32711
-32664 -32664
-32603 -32603
-32528 -32528
-32438 -32438
-32335 -32335
-32217 -32217
-32086 -32086
-31940 -31940
-31781 -31781
-31608 -31608
-31421 -31421
-31221 -31221
-31007 -31007
-30779 -30779
-30538 -30538
-30284 -30284
-30017 -30017
-29737 -29737
-29444 -29444
-29138 -29138
-28819 -28819
-28488 -28488
-28145 -28145
-27789 -27789
-27421 -27421
-27042 -27042
-26650 -26650
-26247 -26247
-25833 -25833
-25408 -25408
-24971 -24971
-24524 -24524
-24066 -24066
-23597 -23597
-23118 -23118
-22630 -22630
-22131 -22131
-21623 -21623
-21105 -21105
-20579 -20579
-20043 -20043
-19499 -19499
-18946 -18946
-18385 -18385
-17816 -17816
-17239 -17239
-16655 -16655
-16063 -16063
-15465 -15465
-14860 -14860
-14248 -14248
-13630 -13630
-13007 -13007
-12377 -12377
-11743 -11743
-11103 -11103
-10458 -10458
-9809 -9809
-9156 -9156
-8498 -8498
-7837 -7837
-7173 -7173
-6505 -6505
-5835 -5835
-5162 -5162
-4486 -4486
-3809 -3809
-3131 -3131
-2450 -2450
-1769 -1769
-1087 -1087
-405 -405
278 278
960 960
1643 1643
2324 2324
3004 3004
3683 3683
4361 4361
5036 5036
5710 5710
6381 6381
7049 7049
7714 7714
8376 8376
9034 9034
9688 9688
10338 10338
10983 10983
11624 11624
12260 12260
12890 12890
13515 13515
14134 14134
14747 14747
15353 15353
15953 15953
16545 16545
17131 17131
17709 17709
18280 18280
18842 18842
19397 19397
19943 19943
20480 20480
21008 21008
21527 21527
22037 22037
22538 22538
23028 23028
23509 23509
23979 23979
24439 24439
24889 24889
25327 25327
25755 25755
26171 26171
26576 26576
26970 26970
27352 27352
27722 27722
28080 28080
28425 28425
28759 28759
29080 29080
29388 29388
29683 29683
29966 29966
30236 30236
30492 30492
30735 30735
30965 30965
31182 31182
31385 31385
31574 31574
31750 31750
31912 31912
32060 32060
32194 32194
32314 32314
32420 32420
32512 32512
32590 32590
32654 32654
32703 32703
32739 32739
32760 32760
32767 32767
32760 32760
32738 32738
32703 32703
32653 32653
32589 32589
32511 32511
32418 32418
32312 32312
32192 32192
32057 32057
31909 31909
31747 31747
31571 31571
31381 31381
31178 31178
30961 30961
30731 30731
30488 30488
30231 30231
29961 29961
29678 29678
29382 29382
29074 29074
28753 28753
28419 28419
28073 28073
27715 27715
27345 27345
26963 26963
26569 26569
26164 26164
25747 25747
25320 25320
24881 24881
24431 24431
23971 23971
23501 23501
23020 23020
22529 22529
22028 22028
21518 21518
20999 20999
20470 20470
19933 19933
19387 19387
18832 18832
18270 18270
17699 17699
17121 17121
16535 16535
15942 15942
15342 15342
14736 14736
14123 14123
13504 13504
12879 12879
12249 12249
11613 11613
10972 10972
10326 10326
9676 9676
9022 9022
8364 8364
7702 7702
7037 7037
6369 6369
5698 5698
5024 5024
4349 4349
3671 3671
2992 2992
2312 2312
1630 1630
948 948
266 266
-417 -417
-1099 -1099
-1781 -1781
-2462 -2462
-3143 -3143
-3821 -3821
-4498 -4498
-5174 -5174
-5847 -5847
-6517 -6517
-7184 -7184
-7849 -7849
-8510 -8510
-9167 -9167
-9821 -9821
-10470 -10470
-11114 -11114
-11754 -11754
-12389 -12389
-13018 -13018
-13641 -13641
-14259 -14259
-14871 -14871
-15476 -15476
-16074 -16074
-16665 -16665
-17249 -17249
-17826 -17826
-18395 -18395
-18956 -18956
-19508 -19508
-20053 -20053
-20588 -20588
-21115 -21115
-21632 -21632
-22140 -22140
-22638 -22638
-23127 -23127
-23606 -23606
-24074 -24074
-24532 -24532
-24979 -24979
-25415 -25415
-25841 -25841
-26255 -26255
-26657 -26657
-27049 -27049
-27428 -27428
-27795 -27795
-28151 -28151
-28494 -28494
-28825 -28825
-29143 -29143
-29449 -29449
-29742 -29742
-30022 -30022
-30289 -30289
-30543 -30543
-30783 -30783
-31011 -31011
-31224 -31224
-31425 -31425
-31611 -31611
-31784 -31784
-31943 -31943
-32088 -32088
-32219 -32219
-32337 -32337
-32440 -32440
-32529 -32529
-32604 -32604
-32665 -32665
-32712 -32712
-32744 -32744
-32763 -32763
-32767 -32767
-32757 -32757
-32732 -32732
-32694 -32694
-32641 -32641
-32574 -32574
-32493 -32493
-32398 -32398
-32289 -32289
-32165 -32165
-32028 -32028
-31877 -31877
-31712 -31712
-31533 -31533
-31341 -31341
-31135 -31135
-30916 -30916
-30683 -30683
-30437 -30437
-30177 -30177
-29905 -29905
-29619 -29619
-29321 -29321
-29010 -29010
-28686 -28686
-28350 -28350
-28001 -28001
-27641 -27641
-27268 -27268
-26884 -26884
-26488 -26488
-26080 -26080
-25661 -25661
-25231 -25231
-24790 -24790
-24338 -24338
-23876 -23876
-23403 -23403
-22921 -22921
-22428 -22428
-21925 -21925
-21413 -21413
-20892 -20892
-20362 -20362
-19822 -19822
-19275 -19275
-18718 -18718
-18154 -18154
-17582 -17582
-17002 -17002
-16415 -16415
-15821 -15821
-15219 -15219
-14612 -14612
-13997 -13997
-13377 -13377
-12751 -12751
-12120 -12120
-11483 -11483
-10841 -10841
-10194 -10194
-9544 -9544
-8888 -8888
-8230 -8230
-7567 -7567
-6901 -6901
-6232 -6232
-5561 -5561
-4887 -4887
-4211 -4211
-3533 -3533
-2854 -2854
-2173 -2173
-1492 -1492
-809 -809
-127 -127
556 556
1238 1238
1920 1920
2601 2601
3281 3281
3959 3959
4636 4636
5311 5311
5983 5983
6653 6653
7320 7320
7984 7984
8644 8644
9301 9301
9953 9953
10601 10601
11245 11245
11884 11884
12517 12517
13145 13145
13768 13768
14384 14384
14994 14994
15598 15598
16195 16195
16785 16785
17367 17367
17942 17942
18510 18510
19069 19069
19620 19620
20162 20162
20696 20696
21221 21221
21736 21736
22242 22242
22739 22739
23225 23225
23702 23702
24168 24168
24624 24624
25069 25069
25503 25503
25926 25926
26338 26338
26738 26738
27127 27127
27504 27504
27869 27869
28222 28222
28562 28562
28891 28891
29207 29207
29510 29510
29800 29800
30077 30077
30342 30342
30593 30593
30831 30831
31055 31055
31266 31266
31464 31464
31647 31647
31817 31817
31974 31974
32116 32116
32244 32244
32359 32359
32459 32459
32546 32546
32618 32618
32676 32676
32720 32720
32749 32749
32765 32765
32766 32766
32753 32753
32726 32726
32684 32684
32628 32628
32559 32559
32475 32475
32377 32377
32265 32265
32139 32139
31999 31999
31845 31845
31677 31677
31495 31495
31300 31300
31092 31092
30869 30869
30634 30634
30385 30385
30123 30123
29848 29848
29559 29559
29258 29258
28945 28945
28619 28619
28280 28280
27929 27929
27566 27566
27191 27191
26804 26804
26406 26406
25996 25996
25575 25575
25142 25142
24699 24699
24245 24245
23781 23781
23306 23306
22821 22821
22326 22326
21822 21822
21308 21308
20785 20785
20253 20253
19712 19712
19162 19162
18604 18604
18038 18038
17464 17464
16883 16883
16294 16294
15699 15699
15096 15096
14487 14487
13872 13872
13250 13250
12623 12623
11990 11990
11353 11353
10710 10710
10062 10062
9411 9411
8755 8755
8095 8095
7432 7432
6765 6765
6096 6096
5424 5424
4750 4750
4073 4073
3395 3395
2715 2715
2035 2035
1353 1353
670 670
-12 -12
-695 -695
-1377 -1377
-2059 -2059
-2740 -2740
-3419 -3419
-4097 -4097
-4774 -4774
-5448 -5448
-6120 -6120
-6789 -6789
-7455 -7455
-8118 -8118
-8778 -8778
-9434 -9434
-10085 -10085
-10733 -10733
-11375 -11375
-12013 -12013
-12645 -12645
-13272 -13272
-13894 -13894
-14509 -14509
-15118 -15118
-15720 -15720
-16315 -16315
-16904 -16904
-17485 -17485
-18058 -18058
-18624 -18624
-19182 -19182
-19731 -19731
-20272 -20272
-20804 -20804
-21326 -21326
-21840 -21840
-22344 -22344
-22839 -22839
-23323 -23323
-23797 -23797
-24262 -24262
-24715 -24715
-25158 -25158
-25590 -25590
-26011 -26011
-26420 -26420
-26818 -26818
-27204 -27204
-27579 -27579
-27942 -27942
-28292 -28292
-28630 -28630
-28956 -28956
-29269 -29269
-29570 -29570
-29858 -29858
-30132 -30132
-30394 -30394
-30642 -30642
-30877 -30877
-31099 -31099
-31307 -31307
-31502 -31502
-31683 -31683
-31850 -31850
-32004 -32004
-32143 -32143
-32269 -32269
-32380 -32380
-32478 -32478
-32561 -32561
-32631 -32631
-32686 -32686
-32727 -32727
-32753 -32753
-32766 -32766
-32764 -32764
-32748 -32748
-32718 -32718
-32674 -32674
-32615 -32615
-32543 -32543
-32456 -32456
-32355 -32355
-32240 -32240
-32111 -32111
-31968 -31968
-31812 -31812
-31641 -31641
-31457 -31457
-31259 -31259
-31047 -31047
-30822 -30822
-30584 -30584
-30333 -30333
-30068 -30068
-29790 -29790
-29499 -29499
-29196 -29196
-28879 -28879
-28551 -28551
-28209 -28209
-27856 -27856
-27491 -27491
-27113 -27113
-26724 -26724
-26323 -26323
-25911 -25911
-25488 -25488
-25053 -25053
-24608 -24608
-24152 -24152
-23685 -23685
-23208 -23208
-22721 -22721
-22224 -22224
-21718 -21718
-21202 -21202
-20677 -20677
-20143 -20143
-19600 -19600
-19049 -19049
-18490 -18490
-17922 -17922
-17347 -17347
-16764 -16764
-16174 -16174
-15577 -15577
-14973 -14973
-14362 -14362
-13746 -13746
-13123 -13123
-12495 -12495
-11861 -11861
-11222 -11222
-10578 -10578
-9930 -9930
-9277 -9277
-8621 -8621
-7960 -7960
-7296 -7296
-6629 -6629
-5959 -5959
-5287 -5287
-4612 -4612
-3935 -3935
-3257 -3257
-2577 -2577
-1896 -1896
-1214 -1214
-532 -532
151 151
834 834
1516 1516
2197 2197
2878 2878
3557 3557
4235 4235
4911 4911
5585 5585
6256 6256
6925 6925
7591 7591
8253 8253
8912 8912
9567 9567
10217 10217
10864 10864
11505 11505
12142 12142
12773 12773
13399 13399
14019 14019
14633 14633
15241 15241
15842 15842
16436 16436
17023 17023
17602 17602
18174 18174
18738 18738
19294 19294
19842 19842
20381 20381
20911 20911
21432 21432
21943 21943
22446 22446
22938 22938
23420 23420
23893 23893
24355 24355
24806 24806
25247 25247
25676 25676
26095 26095
26502 26502
26898 26898
27282 27282
27654 27654
28014 28014
28362 28362
28698 28698
29021 29021
29332 29332
29629 29629
29914 29914
30187 30187
30446 30446
30691 30691
30924 30924
31143 31143
31348 31348
31540 31540
31718 31718
31883 31883
32033 32033
32170 32170
32293 32293
32401 32401
32496 32496
32577 32577
32643 32643
32695 32695
32733 32733
32757 32757
32767 32767
32762 32762
32743 32743
32710 32710
32663 32663
32602 32602
32526 32526
32437 32437
32333 32333
32215 32215
32083 32083
31938 31938
31778 31778
31605 31605
31418 31418
31217 31217
31003 31003
30775 30775
30534 30534
30280 30280
30012 30012
29732 29732
29438 29438
29132 29132
28813 28813
28482 28482
28138 28138
27783 27783
27415 27415
27035 27035
26643 26643
26240 26240
25826 25826
25400 25400
24963 24963
24516 24516
24057 24057
23589 23589
23110 23110
22621 22621
22122 22122
21614 21614
21096 21096
20569 20569
20033 20033
19489 19489
18936 18936
18375 18375
17806 17806
17229 17229
16644 16644
16053 16053
15454 15454
14849 14849
14237 14237
13619 13619
12996 12996
12366 12366
11731 11731
11091 11091
10447 10447
9797 9797
9144 9144
8487 8487
7825 7825
7161 7161
6493 6493
5823 5823
5150 5150
4474 4474
3797 3797
3118 3118
2438 2438
1757 1757
1075 1075
393 393
-290 -290
-973 -973
-1655 -1655
-2336 -2336
-3016 -3016
-3695 -3695
-4373 -4373
-5048 -5048
-5722 -5722
-6393 -6393
-7061 -7061
-7726 -7726
-8387 -8387
-9045 -9045
-9700 -9700
-10349 -10349
-10995 -10995
-11635 -11635
-12271 -12271
-12901 -12901
-13526 -13526
-14145 -14145
-14757 -14757
-15364 -15364
-15963 -15963
-16556 -16556
-17141 -17141
-17719 -17719
-18290 -18290
-18852 -18852
-19406 -19406
-19952 -19952
-20489 -20489
-21018 -21018
-21537 -21537
-22046 -22046
-22547 -22547
-23037 -23037
-23517 -23517
-23988 -23988
-24447 -24447
-24897 -24897
-25335 -25335
-25762 -25762
-26179 -26179
-26583 -26583
-26977 -26977
-27358 -27358
-27728 -27728
-28086 -28086
-28431 -28431
-28764 -28764
-29085 -29085
-29393 -29393
-29688 -29688
-29971 -29971
-30240 -30240
-30497 -30497
-30740 -30740
-30969 -30969
-31186 -31186
-31388 -31388
-31577 -31577
-31753 -31753
-31914 -31914
-32062 -32062
-32196 -32196
-32316 -32316
-32422 -32422
-32514 -32514
-32591 -32591
-32655 -32655
-32704 -32704
-32739 -32739
-32760 -32760
-32767 -32767
-32760 -32760
-32738 -32738
-32702 -32702
-32652 -32652
-32587 -32587
-32509 -32509
-32417 -32417
-32310 -32310
-32189 -32189
-32055 -32055
-31906 -31906
-31744 -31744
-31568 -31568
-31378 -31378
-31174 -31174
-30957 -30957
-30727 -30727
-30483 -30483
-30226 -30226
-29956 -29956
-29673 -29673
-29377 -29377
-29068 -29068
-28747 -28747
-28413 -28413
-28067 -28067
-27709 -27709
-27338 -27338
-26956 -26956
-26562 -26562
-26157 -26157
-25740 -25740
-25312 -25312
-24873 -24873
-24423 -24423
-23963 -23963
-23492 -23492
-23011 -23011
-22520 -22520
-22019 -22019
-21509 -21509
-20990 -20990
-20461 -20461
-19923 -19923
-19377 -19377
-18822 -18822
-18260 -18260
-17689 -17689
-17110 -17110
-16524 -16524
-15931 -15931
-15332 -15332
-14725 -14725
-14112 -14112
-13493 -13493
-12868 -12868
-12237 -12237
-11601 -11601
-10961 -10961
-10315 -10315
-9665 -9665
-9010 -9010
-8352 -8352
-7690 -7690
-7025 -7025
-6357 -6357
-5686 -5686
-5012 -5012
-4337 -4337
-3659 -3659
-2980 -2980
-2300 -2300
-1618 -1618
-936 -936
-254 -254
429 429
1111 1111
1793 1793
2475 2475
3155 3155
3833 3833
4510 4510
5186 5186
5858 5858
6529 6529
7196 7196
7861 7861
8522 8522
9179 9179
9832 9832
10481 10481
11126 11126
11765 11765
12400 12400
13029 13029
13652 13652
14270 14270
14881 14881
15486 15486
16084 16084
16676 16676
17260 17260
17836 17836
18405 18405
18966 18966
19518 19518
20062 20062
20598 20598
21124 21124
21641 21641
22149 22149
22647 22647
23136 23136
23614 23614
24082 24082
24540 24540
24987 24987
25423 25423
25848 25848
26262 26262
26664 26664
27055 27055
27435 27435
27802 27802
28157 28157
28500 28500
28831 28831
29149 29149
29454 29454
29747 29747
30027 30027
30294 30294
30547 30547
30787 30787
31014 31014
31228 31228
31428 31428
31614 31614
31787 31787
31946 31946
32091 32091
32222 32222
32339 32339
32442 32442
32531 32531
32605 32605
32666 32666
32712 32712
32745 32745
32763 32763
32767 32767
32756 32756
32732 32732
32693 32693
32640 32640
32573 32573
32491 32491
32396 32396
32287 32287
32163 32163
32026 32026
31874 31874
31709 31709
31530 31530
31338 31338
31131 31131
30912 30912
30678 30678
30432 30432
30172 30172
29900 29900
29614 29614
29315 29315
29004 29004
28680 28680
28344 28344
27995 27995
27634 27634
27261 27261
26877 26877
26481 26481
26073 26073
25654 25654
25223 25223
24782 24782
24330 24330
23868 23868
23395 23395
22912 22912
22419 22419
21916 21916
21404 21404
20883 20883
20352 20352
19813 19813
19265 19265
18708 18708
18144 18144
17572 17572
16992 16992
16404 16404
15810 15810
15209 15209
14601 14601
13986 13986
13366 13366
12740 12740
12108 12108
11471 11471
10830 10830
10183 10183
9532 9532
8877 8877
8218 8218
7555 7555
6889 6889
6221 6221
5549 5549
4875 4875
4199 4199
3521 3521
2842 2842
2161 2161
1479 1479
797 797
115 115
-568 -568
-1250 -1250
-1932 -1932
-2613 -2613
-3293 -3293
-3971 -3971
-4648 -4648
-5323 -5323
-5995 -5995
-6665 -6665
-7332 -7332
-7995 -7995
-8656 -8656
-9312 -9312
-9965 -9965
-10613 -10613
-11256 -11256
-11895 -11895
-12528 -12528
-13156 -13156
-13779 -13779
-14395 -14395
-15005 -15005
-15609 -15609
-16205 -16205
-16795 -16795
-17378 -17378
-17953 -17953
-18520 -18520
-19079 -19079
-19630 -19630
-20172 -20172
-20705 -20705
-21230 -21230
-21745 -21745
-22251 -22251
-22747 -22747
-23234 -23234
-23710 -23710
-24176 -24176
-24632 -24632
-25076 -25076
-25510 -25510
-25933 -25933
-26345 -26345
-26745 -26745
-27134 -27134
-27510 -27510
-27875 -27875
-28228 -28228
-28568 -28568
-28897 -28897
-29212 -29212
-29515 -29515
-29805 -29805
-30082 -30082
-30346 -30346
-30597 -30597
-30835 -30835
-31059 -31059
-31270 -31270
-31467 -31467
-31651 -31651
-31820 -31820
-31976 -31976
-32118 -32118
-32247 -32247
-32361 -32361
-32461 -32461
-32547 -32547
-32619 -32619
-32677 -32677
-32720 -32720
-32750 -32750
-32765 -32765
-32766 -32766
-32752 -32752
-32725 -32725
-32683 -32683
-32627 -32627
-32557 -32557
-32473 -32473
-32375 -32375
-32263 -32263
-32136 -32136
-31996 -31996
-31842 -31842
-31674 -31674
-31492 -31492
-31297 -31297
-31088 -31088
-30865 -30865
-30629 -30629
-30380 -30380
-30118 -30118
-29842 -29842
-29554 -29554
-29253 -29253
-28939 -28939
-28613 -28613
-28274 -28274
-27923 -27923
-27559 -27559
-27184 -27184
-26797 -26797
-26399 -26399
-25988 -25988
-25567 -25567
-25135 -25135
-24691 -24691
-24237 -24237
-23772 -23772
-23298 -23298
-22812 -22812
-22318 -22318
-21813 -21813
-21299 -21299
-20775 -20775
-20243 -20243
-19702 -19702
-19152 -19152
-18594 -18594
-18028 -18028
-17454 -17454
-16873 -16873
-16284 -16284
-15688 -15688
-15085 -15085
-14476 -14476
-13861 -13861
-13239 -13239
-12612 -12612
-11979 -11979
-11341 -11341
-10698 -10698
-10051 -10051
-9399 -9399
-8743 -8743
-8083 -8083
-7420 -7420
-6753 -6753
-6084 -6084
-5412 -5412
-4738 -4738
-4061 -4061
-3383 -3383
-2703 -2703
-2022 -2022
-1341 -1341
-658 -658
24 24
707 707
1389 1389
2071 2071
2752 2752
3431 3431
4109 4109
4786 4786
5460 5460
6132 6132
6801 6801
7467 7467
8130 8130
8790 8790
9445 9445
10097 10097
10744 10744
11387 11387
12024 12024
12657 12657
13283 13283
13905 13905
14520 14520
15128 15128
15731 15731
16326 16326
16914 16914
17495 17495
18069 18069
18634 18634
19192 19192
19741 19741
20281 20281
20813 20813
21336 21336
21849 21849
22353 22353
22847 22847
23332 23332
23806 23806
24270 24270
24723 24723
25166 25166
25597 25597
26018 26018
26427 26427
26825 26825
27211 27211
27586 27586
27948 27948
28298 28298
28636 28636
28962 28962
29275 29275
29575 29575
29862 29862
30137 30137
30398 30398
30647 30647
30882 30882
31103 31103
31311 31311
31505 31505
31686 31686
31853 31853
32006 32006
32146 32146
32271 32271
32382 32382
32480 32480
32563 32563
32632 32632
32687 32687
32727 32727
32754 32754
32766 32766
32764 32764
32748 32748
32718 32718
32673 32673
32614 32614
32541 32541
32454 32454
32353 32353
32238 32238
32109 32109
31966 31966
31809 31809
31638 31638
31453 31453
31255 31255
31044 31044
30818 30818
30580 30580
30328 30328
30063 30063
29785 29785
29494 29494
29190 29190
28874 28874
28545 28545
28203 28203
27850 27850
27484 27484
27106 27106
26717 26717
26316 26316
25904 25904
25480 25480
25045 25045
24600 24600
24143 24143
23677 23677
23200 23200
22713 22713
22216 22216
21709 21709
21193 21193
20668 20668
20134 20134
19591 19591
19039 19039
18480 18480
17912 17912
17336 17336
16753 16753
16163 16163
15566 15566
14962 14962
14351 14351
13735 13735
13112 13112
12483 12483
11850 11850
11211 11211
10567 10567
9918 9918
9266 9266
8609 8609
7948 7948
7285 7285
6617 6617
5947 5947
5275 5275
4600 4600
3923 3923
3245 3245
2565 2565
1884 1884
1202 1202
519 519
-163 -163
-846 -846
-1528 -1528
-2209 -2209
-2890 -2890
-3569 -3569
-4247 -4247
-4923 -4923
-5597 -5597
-6268 -6268
-6937 -6937
-7602 -7602
-8265 -8265
-8923 -8923
-9578 -9578
-10229 -10229
-10875 -10875
-11517 -11517
-12153 -12153
-12785 -12785
-13410 -13410
-14030 -14030
-14644 -14644
-15252 -15252
-15852 -15852
-16446 -16446
-17033 -17033
-17613 -17613
-18184 -18184
-18748 -18748
-19304 -19304
-19851 -19851
-20390 -20390
-20920 -20920
-21441 -21441
-21952 -21952
-22454 -22454
-22947 -22947
-23429 -23429
-23901 -23901
-24363 -24363
-24814 -24814
-25254 -25254
-25684 -25684
-26102 -26102
-26509 -26509
-26905 -26905
-27288 -27288
-27660 -27660
-28020 -28020
-28368 -28368
-28704 -28704
-29027 -29027
-29337 -29337
-29635 -29635
-29919 -29919
-30191 -30191
-30450 -30450
-30695 -30695
-30928 -30928
-31146 -31146
-31352 -31352
-31543 -31543
-31721 -31721
-31885 -31885
-32036 -32036
-32172 -32172
-32295 -32295
-32403 -32403
-32498 -32498
-32578 -32578
-32644 -32644
-32696 -32696
-32734 -32734
-32757 -32757
-32767 -32767
-32762 -32762
-32743 -32743
-32710 -32710
-32662 -32662
-32601 -32601
-32525 -32525
-32435 -32435
-32331 -32331
-32213 -32213
-32081 -32081
-31935 -31935
-31775 -31775
-31601 -31601
-31414 -31414
-31213 -31213
-30999 -30999
-30771 -30771
-30530 -30530
-30275 -30275
-30007 -30007
-29727 -29727
-29433 -29433
-29127 -29127
-28808 -28808
-28476 -28476
-28132 -28132
-27776 -27776
-27408 -27408
-27028 -27028
-26636 -26636
-26233 -26233
-25818 -25818
-25392 -25392
-24955 -24955
-24508 -24508
-24049 -24049
-23580 -23580
-23101 -23101
-22612 -22612
-22113 -22113
-21605 -21605
-21087 -21087
-20560 -20560
-20024 -20024
-19479 -19479
-18926 -18926
-18365 -18365
-17795 -17795
-17218 -17218
-16634 -16634
-16042 -16042
-15444 -15444
-14838 -14838
-14226 -14226
-13608 -13608
-12984 -12984
-12355 -12355
-11720 -11720
-11080 -11080
-10435 -10435
-9786 -9786
-9132 -9132
-8475 -8475
-7814 -7814
-7149 -7149
-6481 -6481
-5811 -5811
-5138 -5138
-4462 -4462
-3785 -3785
-3106 -3106
-2426 -2426
-1745 -1745
-1063 -1063
-380 -380
302 302
985 985
1667 1667
2348 2348
3028 3028
3707 3707
4385 4385
5060 5060
5734 5734
6404 6404
7073 7073
7737 7737
8399 8399
9057 9057
9711 9711
10361 10361
11006 11006
11647 11647
12282 12282
12912 12912
13537 13537
14156 14156
14768 14768
15374 15374
15974 15974
16566 16566
17152 17152
17730 17730
18300 18300
18862 18862
19416 19416
19962 19962
20499 20499
21027 21027
21546 21546
22055 22055
22555 22555
23046 23046
23526 23526
23996 23996
24456 24456
24905 24905
25343 25343
25770 25770
26186 26186
26591 26591
26984 26984
27365 27365
27735 27735
28092 28092
28437 28437
28770 28770
29091 29091
29399 29399
29694 29694
29976 29976
30245 30245
30501 30501
30744 30744
30973 30973
31189 31189
31392 31392
31581 31581
31756 31756
31917 31917
32065 32065
32198 32198
32318 32318
32424 32424
32515 32515
32593 32593
32656 32656
32705 32705
32740 32740
32761 32761
32767 32767
32759 32759
32737 32737
32701 32701
32651 32651
32586 32586
32508 32508
32415 32415
32308 32308
32187 32187
32052 32052
31903 31903
31741 31741
31564 31564
31374 31374
31171 31171
30953 30953
30723 30723
30479 30479
30222 30222
29951 29951
29668 29668
29372 29372
29063 29063
28741 28741
28407 28407
28061 28061
27702 27702
27332 27332
26949 26949
26555 26555
26149 26149
25732 25732
25304 25304
24865 24865
24415 24415
23955 23955
23484 23484
23002 23002
22511 22511
22010 22010
21500 21500
20980 20980
20451 20451
19914 19914
19367 19367
18812 18812
18249 18249
17679 17679
17100 17100
16514 16514
15921 15921
15321 15321
14714 14714
14101 14101
13482 13482
12857 12857
12226 12226
11590 11590
10949 10949
10303 10303
9653 9653
8999 8999
8340 8340
7679 7679
7013 7013
6345 6345
5674 5674
5000 5000
4325 4325
3647 3647
2968 2968
2288 2288
1606 1606
924 924
242 242
-441 -441
-1124 -1124
-1805 -1805
-2487 -2487
-3167 -3167
-3845 -3845
-4523 -4523
-5198 -5198
-5870 -5870
-6541 -6541
-7208 -7208
-7872 -7872
-8533 -8533
-9191 -9191
-9844 -9844
-10493 -10493
-11137 -11137
-11777 -11777
-12411 -12411
-13040 -13040
-13663 -13663
-14281 -14281
-14892 -14892
-15497 -15497
-16095 -16095
-16686 -16686
-17270 -17270
-17846 -17846
-18415 -18415
-18975 -18975
-19528 -19528
-20072 -20072
-20607 -20607
-21133 -21133
-21650 -21650
-22158 -22158
-22656 -22656
-23144 -23144
-23622 -23622
-24090 -24090
-24548 -24548
-24995 -24995
-25431 -25431
-25855 -25855
-26269 -26269
-26672 -26672
-27062 -27062
-27441 -27441
-27808 -27808
-28163 -28163
-28506 -28506
-28837 -28837
-29154 -29154
-29460 -29460
-29752 -29752
-30032 -30032
-30298 -30298
-30552 -30552
-30792 -30792
-31018 -31018
-31232 -31232
-31431 -31431
-31617 -31617
-31790 -31790
-31948 -31948
-32093 -32093
-32224 -32224
-32341 -32341
-32443 -32443
-32532 -32532
-32607 -32607
-32667 -32667
-32713 -32713
-32745 -32745
-32763 -32763
-32767 -32767
-32756 -32756
-32731 -32731
-32692 -32692
-32639 -32639
-32571 -32571
-32490 -32490
-32394 -32394
-32284 -32284
-32161 -32161
-32023 -32023
-31871 -31871
-31706 -31706
-31527 -31527
-31334 -31334
-31128 -31128
-30908 -30908
-30674 -30674
-30428 -30428
-30168 -30168
-29895 -29895
-29609 -29609
-29310 -29310
-28998 -28998
-28674 -28674
-28338 -28338
-27989 -27989
-27628 -27628
-27255 -27255
-26870 -26870
-26473 -26473
-26065 -26065
-25646 -25646
-25216 -25216
-24774 -24774
-24322 -24322
-23860 -23860
-23387 -23387
-22903 -22903
-22410 -22410
-21907 -21907
-21395 -21395
-20873 -20873
-20343 -20343
-19803 -19803
-19255 -19255
-18698 -18698
-18134 -18134
-17561 -17561
-16981 -16981
-16394 -16394
-15799 -15799
-15198 -15198
-14590 -14590
-13975 -13975
-13355 -13355
-12729 -12729
-12097 -12097
-11460 -11460
-10818 -10818
-10171 -10171
-9520 -9520
-8865 -8865
-8206 -8206
-7543 -7543
-6878 -6878
-6209 -6209
-5537 -5537
-4863 -4863
-4187 -4187
-3509 -3509
-2830 -2830
-2149 -2149
-1467 -1467
-785 -785
-103 -103
580 580
1262 1262
1944 1944
2625 2625
3305 3305
3983 3983
4660 4660
5335 5335
6007 6007
6677 6677
7344 7344
8007 8007
8667 8667
9324 9324
9976 9976
10624 10624
11268 11268
11906 11906
12540 12540
13167 13167
13790 13790
14406 14406
15016 15016
15619 15619
16216 16216
16806 16806
17388 17388
17963 17963
18530 18530
19089 19089
19639 19639
20181 20181
20715 20715
21239 21239
21754 21754
22260 22260
22756 22756
23242 23242
23718 23718
24184 24184
24640 24640
25084 25084
25518 25518
25941 25941
26352 26352
26752 26752
27140 27140
27517 27517
27882 27882
28234 28234
28574 28574
28902 28902
29218 29218
29520 29520
29810 29810
30087 30087
30351 30351
30601 30601
30839 30839
31063 31063
31273 31273
31470 31470
31654 31654
31823 31823
31979 31979
32121 32121
32249 32249
32363 32363
32463 32463
32548 32548
32620 32620
32678 32678
32721 32721
32750 32750
32765 32765
32766 32766
32752 32752
32724 32724
32682 32682
32626 32626
32556 32556
32471 32471
32373 32373
32260 32260
32134 32134
31993 31993
31839 31839
31671 31671
31489 31489
31293 31293
31084 31084
30861 30861
30625 30625
30376 30376
30113 30113
29837 29837
29549 29549
29247 29247
28933 28933
28607 28607
28268 28268
27916 27916
27553 27553
27177 27177
26790 26790
26391 26391
25981 25981
25559 25559
25127 25127
24683 24683
24229 24229
23764 23764
23289 23289
22804 22804
22309 22309
21804 21804
21290 21290
20766 20766
20234 20234
19692 19692
19142 19142
18584 18584
18018 18018
17444 17444
16862 16862
16273 16273
15677 15677
15075 15075
14465 14465
13850 13850
13228 13228
12601 12601
11968 11968
11330 11330
10687 10687
10039 10039
9387 9387
8731 8731
8071 8071
7408 7408
6742 6742
6072 6072
5400 5400
4726 4726
4049 4049
3371 3371
2691 2691
2010 2010
1329 1329
646 646
-36 -36
-719 -719
-1401 -1401
-2083 -2083
-2764 -2764
-3443 -3443
-4121 -4121
-4798 -4798
-5472 -5472
-6144 -6144
-6813 -6813
-7479 -7479
-8142 -8142
-8801 -8801
-9457 -9457
-10108 -10108
-10756 -10756
-11398 -11398
-12035 -12035
-12668 -12668
-13295 -13295
-13916 -13916
-14531 -14531
-15139 -15139
-15741 -15741
-16337 -16337
-16925 -16925
-17505 -17505
-18079 -18079
-18644 -18644
-19201 -19201
-19750 -19750
-20291 -20291
-20822 -20822
-21345 -21345
-21858 -21858
-22362 -22362
-22856 -22856
-23340 -23340
-23814 -23814
-24278 -24278
-24731 -24731
-25173 -25173
-25605 -25605
-26025 -26025
-26434 -26434
-26832 -26832
-27218 -27218
-27592 -27592
-27954 -27954
-28304 -28304
-28642 -28642
-28967 -28967
-29280 -29280
-29580 -29580
-29867 -29867
-30142 -30142
-30403 -30403
-30651 -30651
-30886 -30886
-31107 -31107
-31315 -31315
-31509 -31509
-31689 -31689
-31856 -31856
-32009 -32009
-32148 -32148
-32273 -32273
-32384 -32384
-32481 -32481
-32564 -32564
-32633 -32633
-32687 -32687
-32728 -32728
-32754 -32754
-32766 -32766
-32764 -32764
-32748 -32748
-32717 -32717
-32672 -32672
-32613 -32613
-32540 -32540
-32453 -32453
-32351 -32351
-32236 -32236
-32106 -32106
-31963 -31963
-31806 -31806
-31635 -31635
-31450 -31450
-31252 -31252
-31040 -31040
-30814 -30814
-30575 -30575
-30323 -30323
-30058 -30058
-29780 -29780
-29489 -29489
-29185 -29185
-28868 -28868
-28539 -28539
-28197 -28197
-27843 -27843
-27477 -27477
-27100 -27100
-26710 -26710
-26309 -26309
-25896 -25896
-25472 -25472
-25037 -25037
-24592 -24592
-24135 -24135
-23668 -23668
-23191 -23191
-22704 -22704
-22207 -22207
-21700 -21700
-21184 -21184
-20658 -20658
-20124 -20124
-19581 -19581
-19029 -19029
-18470 -18470
-17902 -17902
-17326 -17326
-16743 -16743
-16153 -16153
-15555 -15555
-14951 -14951
-14340 -14340
-13724 -13724
-13101 -13101
-12472 -12472
-11838 -11838
-11199 -11199
-10555 -10555
-9907 -9907
-9254 -9254
-8597 -8597
-7937 -7937
-7273 -7273
-6606 -6606
-5936 -5936
-5263 -5263
-4588 -4588
-3911 -3911
-3233 -3233
-2553 -2553
-1872 -1872
-1190 -1190
-507 -507
175 175
858 858
1540 1540
2222 2222
2902 2902
3581 3581
4259 4259
4935 4935
5609 5609
6280 6280
6949 6949
7614 7614
8276 8276
8935 8935
9590 9590
10241 10241
10887 10887
11528 11528
12165 12165
12796 12796
13421 13421
14041 14041
14655 14655
15262 15262
15863 15863
16457 16457
17044 17044
17623 17623
18194 18194
18758 18758
19314 19314
19861 19861
20400 20400
20929 20929
21450 21450
21961 21961
22463 22463
22955 22955
23437 23437
23909 23909
24371 24371
24822 24822
25262 25262
25691 25691
26109 26109
26516 26516
26912 26912
27295 27295
27667 27667
28027 28027
28374 28374
28709 28709
29032 29032
29342 29342
29640 29640
29924 29924
30196 30196
30454 30454
30700 30700
30932 30932
31150 31150
31355 31355
31547 31547
31724 31724
31888 31888
32038 32038
32175 32175
32297 32297
32405 32405
32499 32499
32579 32579
32645 32645
32697 32697
32734 32734
32758 32758
32767 32767
32762 32762
32742 32742
32709 32709
32661 32661
32599 32599
32523 32523
32433 32433
32329 32329
32211 32211
32078 32078
31932 31932
31772 31772
31598 31598
31411 31411
31210 31210
30995 30995
30767 30767
30525 30525
30270 30270
30002 30002
29722 29722
29428 29428
29121 29121
28802 28802
28470 28470
28126 28126
27770 27770
27401 27401
27021 27021
26629 26629
26226 26226
25811 25811
25385 25385
24947 24947
24500 24500
24041 24041
23572 23572
23093 23093
22603 22603
22104 22104
21596 21596
21078 21078
20550 20550
20014 20014
19469 19469
18916 18916
18355 18355
17785 17785
17208 17208
16623 16623
16032 16032
15433 15433
14827 14827
14215 14215
13597 13597
12973 12973
12344 12344
11709 11709
11069 11069
10424 10424
9774 9774
9121 9121
8463 8463
7802 7802
7137 7137
6469 6469
5799 5799
5126 5126
4450 4450
3773 3773
3094 3094
2414 2414
1733 1733
1051 1051
368 368
-314 -314
-997 -997
-1679 -1679
-2360 -2360
-3040 -3040
-3719 -3719
-4397 -4397
-5072 -5072
-5746 -5746
-6416 -6416
-7084 -7084
-7749 -7749
-8411 -8411
-9069 -9069
-9723 -9723
-10372 -10372
-11018 -11018
-11658 -11658
-12294 -12294
-12924 -12924
-13548 -13548
-14167 -14167
-14779 -14779
-15385 -15385
-15984 -15984
-16577 -16577
-17162 -17162
-17740 -17740
-18310 -18310
-18872 -18872
-19426 -19426
-19971 -19971
-20508 -20508
-21036 -21036
-21555 -21555
-22064 -22064
-22564 -22564
-23054 -23054
-23534 -23534
-24004 -24004
-24464 -24464
-24912 -24912
-25350 -25350
-25777 -25777
-26193 -26193
-26598 -26598
-26991 -26991
-27372 -27372
-27741 -27741
-28098 -28098
-28443 -28443
-28776 -28776
-29096 -29096
-29404 -29404
-29699 -29699
-29981 -29981
-30250 -30250
-30505 -30505
-30748 -30748
-30977 -30977
-31193 -31193
-31395 -31395
-31584 -31584
-31759 -31759
-31920 -31920
-32067 -32067
-32201 -32201
-32320 -32320
-32425 -32425
-32517 -32517
-32594 -32594
-32657 -32657
-32706 -32706
-32740 -32740
-32761 -32761
-32767 -32767
-32759 -32759
-32737 -32737
-32700 -32700
-32650 -32650
-32585 -32585
-32506 -32506
-32413 -32413
-32306 -32306
-32185 -32185
-32050 -32050
-31901 -31901
-31738 -31738
-31561 -31561
-31371 -31371
-31167 -31167
-30949 -30949
-30719 -30719
-30474 -30474
-30217 -30217
-29946 -29946
-29663 -29663
-29366 -29366
-29057 -29057
-28735 -28735
-28401 -28401
-28055 -28055
-27696 -27696
-27325 -27325
-26942 -26942
-26548 -26548
-26142 -26142
-25725 -25725
-25297 -25297
-24857 -24857
-24407 -24407
-23946 -23946
-23475 -23475
-22994 -22994
-22503 -22503
-22001 -22001
-21491 -21491
-20971 -20971
-20442 -20442
-19904 -19904
-19357 -19357
-18802 -18802
-18239 -18239
-17668 -17668
-17090 -17090
-16504 -16504
-15910 -15910
-15310 -15310
-14703 -14703
-14090 -14090
-13471 -13471
-12846 -12846
-12215 -12215
-11579 -11579
-10938 -10938
-10292 -10292
-9642 -9642
-8987 -8987
-8329 -8329
-7667 -7667
-7001 -7001
-6333 -6333
-5662 -5662
-4988 -4988
-4313 -4313
-3635 -3635
-2956 -2956
-2276 -2276
-1594 -1594
-912 -912
-229 -229
453 453
1136 1136
1818 1818
2499 2499
3179 3179
3858 3858
4535 4535
5210 5210
5882 5882
6553 6553
7220 7220
7884 7884
8545 8545
9202 9202
9855 9855
10504 10504
11148 11148
11788 11788
12422 12422
13051 13051
13674 13674
14292 14292
14903 14903
15508 15508
16106 16106
16697 16697
17280 17280
17856 17856
18425 18425
18985 18985
19538 19538
20081 20081
20616 20616
21142 21142
21659 21659
22167 22167
22665 22665
23153 23153
23631 23631
24099 24099
24556 24556
25002 25002
25438 25438
25863 25863
26276 26276
26679 26679
27069 27069
27448 27448
27815 27815
28170 28170
28512 28512
28842 28842
29160 29160
29465 29465
29757 29757
30037 30037
30303 30303
30556 30556
30796 30796
31022 31022
31235 31235
31435 31435
31621 31621
31793 31793
31951 31951
32096 32096
32226 32226
32343 32343
32445 32445
32533 32533
32608 32608
32668 32668
32714 32714
32746 32746
32763 32763
32766 32766
32756 32756
32731 32731
32691 32691
32638 32638
32570 32570
32488 32488
32392 32392
32282 32282
32158 32158
32020 32020
31869 31869
31703 31703
31524 31524
31330 31330
31124 31124
30904 30904
30670 30670
30423 30423
30163 30163
29890 29890
29603 29603
29304 29304
28993 28993
28668 28668
28332 28332
27982 27982
27621 27621
27248 27248
26863 26863
26466 26466
26058 26058
25639 25639
25208 25208
24766 24766
24314 24314
23851 23851
23378 23378
22895 22895
22401 22401
21898 21898
21386 21386
20864 20864
20333 20333
19793 19793
19245 19245
18689 18689
18124 18124
17551 17551
16971 16971
16383 16383
15789 15789
15187 15187
14579 14579
13964 13964
13344 13344
12718 12718
12086 12086
11449 11449
10807 10807
10160 10160
9509 9509
8853 8853
8194 8194
7532 7532
6866 6866
6197 6197
5525 5525
4851 4851
4175 4175
3497 3497
2818 2818
2137 2137
1455 1455
773 773
90 90
-592 -592
-1275 -1275
-1956 -1956
-2637 -2637
-3317 -3317
-3995 -3995
-4672 -4672
-5347 -5347
-6019 -6019
-6689 -6689
-7355 -7355
-8019 -8019
-8679 -8679
-9335 -9335
-9988 -9988
-10636 -10636
-11279 -11279
-11917 -11917
-12551 -12551
-13179 -13179
-13801 -13801
-14417 -14417
-15027 -15027
-15630 -15630
-16226 -16226
-16816 -16816
-17398 -17398
-17973 -17973
-18540 -18540
-19098 -19098
-19649 -19649
-20191 -20191
-20724 -20724
-21248 -21248
-21763 -21763
-22269 -22269
-22765 -22765
-23251 -23251
-23727 -23727
-24192 -24192
-24648 -24648
-25092 -25092
-25526 -25526
-25948 -25948
-26359 -26359
-26759 -26759
-27147 -27147
-27524 -27524
-27888 -27888
-28240 -28240
-28580 -28580
-28908 -28908
-29223 -29223
-29525 -29525
-29815 -29815
-30092 -30092
-30355 -30355
-30606 -30606
-30843 -30843
-31067 -31067
-31277 -31277
-31474 -31474
-31657 -31657
-31826 -31826
-31982 -31982
-32123 -32123
-32251 -32251
-32365 -32365
-32464 -32464
-32550 -32550
-32621 -32621
-32678 -32678
-32721 -32721
-32750 -32750
-32765 -32765
-32765 -32765
-32752 -32752
-32724 -32724
-32681 -32681
-32625 -32625
-32555 -32555
-32470 -32470
-32371 -32371
-32258 -32258
-32131 -32131
-31991 -31991
-31836 -31836
-31668 -31668
-31485 -31485
-31290 -31290
-31080 -31080
-30857 -30857
-30621 -30621
-30371 -30371
-30108 -30108
-29832 -29832
-29544 -29544
-29242 -29242
-28928 -28928
-28601 -28601
-28261 -28261
-27910 -27910
-27546 -27546
-27171 -27171
-26783 -26783
-26384 -26384
-25974 -25974
-25552 -25552
-25119 -25119
-24675 -24675
-24221 -24221
-23756 -23756
-23280 -23280
-22795 -22795
-22300 -22300
-21795 -21795
-21280 -21280
-20757 -20757
-20224 -20224
-19683 -19683
-19133 -19133
-18574 -18574
-18008 -18008
-17434 -17434
-16852 -16852
-16263 -16263
-15667 -15667
-15064 -15064
-14454 -14454
-13839 -13839
-13217 -13217
-12589 -12589
-11957 -11957
-11318 -11318
-10675 -10675
-10028 -10028
-9376 -9376
-8720 -8720
-8060 -8060
-7396 -7396
-6730 -6730
-6060 -6060
-5388 -5388
-4714 -4714
-4037 -4037
-3359 -3359
-2679 -2679
-1998 -1998
-1316 -1316
-634 -634
49 49
731 731
1413 1413
2095 2095
2776 2776
3455 3455
4133 4133
4810 4810
5484 5484
6156 6156
6825 6825
7491 7491
8154 8154
8813 8813
9469 9469
10120 10120
10767 10767
11409 11409
12047 12047
12679 12679
13306 13306
13927 13927
14541 14541
15150 15150
15752 15752
16347 16347
16935 16935
17516 17516
18089 18089
18654 18654
19211 19211
19760 19760
20300 20300
20832 20832
21354 21354
21867 21867
22371 22371
22865 22865
23349 23349
23822 23822
24286 24286
24739 24739
25181 25181
25612 25612
26033 26033
26442 26442
26839 26839
27225 27225
27599 27599
27961 27961
28310 28310
28648 28648
28973 28973
29286 29286
29585 29585
29872 29872
30146 30146
30407 30407
30655 30655
30890 30890
31111 31111
31318 31318
31512 31512
31692 31692
31859 31859
32012 32012
32150 32150
32275 32275
32386 32386
32483 32483
32565 32565
32634 32634
32688 32688
32728 32728
32754 32754
32766 32766
32764 32764
32747 32747
32716 32716
32671 32671
32612 32612
32538 32538
32451 32451
32349 32349
32234 32234
32104 32104
31960 31960
31803 31803
31632 31632
31447 31447
31248 31248
31036 31036
30810 30810
30571 30571
30319 30319
30053 30053
29775 29775
29483 29483
29179 29179
28862 28862
28533 28533
28191 28191
27837 27837
27471 27471
27093 27093
26703 26703
26301 26301
25889 25889
25465 25465
25030 25030
24584 24584
24127 24127
23660 23660
23182 23182
22695 22695
22198 22198
21691 21691
21174 21174
20649 20649
20114 20114
19571 19571
19020 19020
18460 18460
17892 17892
17316 17316
16733 16733
16142 16142
15545 15545
14940 14940
14330 14330
13713 13713
13090 13090
12461 12461
11827 11827
11188 11188
10544 10544
9895 9895
9242 9242
8586 8586
7925 7925
7261 7261
6594 6594
5924 5924
5251 5251
4576 4576
3899 3899
3221 3221
2541 2541
1859 1859
1178 1178
495 495
-187 -187
-870 -870
-1552 -1552
-2234 -2234
-2914 -2914
-3593 -3593
-4271 -4271
-4947 -4947
-5621 -5621
-6292 -6292
-6960 -6960
-7626 -7626
-8288 -8288
-8947 -8947
-9602 -9602
-10252 -10252
-10898 -10898
-11540 -11540
-12176 -12176
-12807 -12807
-13432 -13432
-14052 -14052
-14666 -14666
-15273 -15273
-15874 -15874
-16467 -16467
-17054 -17054
-17633 -17633
-18205 -18205
-18768 -18768
-19324 -19324
-19871 -19871
-20409 -20409
-20939 -20939
-21459 -21459
-21970 -21970
-22472 -22472
-22964 -22964
-23446 -23446
-23918 -23918
-24379 -24379
-24830 -24830
-25270 -25270
-25699 -25699
-26117 -26117
-26523 -26523
-26918 -26918
-27302 -27302
-27673 -27673
-28033 -28033
-28380 -28380
-28715 -28715
-29038 -29038
-29348 -29348
-29645 -29645
-29929 -29929
-30201 -30201
-30459 -30459
-30704 -30704
-30936 -30936
-31154 -31154
-31359 -31359
-31550 -31550
-31727 -31727
-31891 -31891
-32041 -32041
-32177 -32177
-32299 -32299
-32407 -32407
-32501 -32501
-32581 -32581
-32646 -32646
-32698 -32698
-32735 -32735
-32758 -32758
-32767 -32767
-32762 -32762
-32742 -32742
-32708 -32708
-32660 -32660
-32598 -32598
-32522 -32522
-32431 -32431
-32327 -32327
-32208 -32208
-32076 -32076
-31929 -31929
-31769 -31769
-31595 -31595
-31407 -31407
-31206 -31206
-30991 -30991
-30763 -30763
-30521 -30521
-30266 -30266
-29998 -29998
-29716 -29716
-29422 -29422
-29116 -29116
-28796 -28796
-28464 -28464
-28120 -28120
-27763 -27763
-27395 -27395
-27014 -27014
-26622 -26622
-26218 -26218
-25803 -25803
-25377 -25377
-24940 -24940
-24491 -24491
-24033 -24033
-23563 -23563
-23084 -23084
-22595 -22595
-22095 -22095
-21586 -21586
-21068 -21068
-20541 -20541
-20005 -20005
-19460 -19460
-18906 -18906
-18345 -18345
-17775 -17775
-17198 -17198
-16613 -16613
-16021 -16021
-15422 -15422
-14816 -14816
-14204 -14204
-13586 -13586
-12962 -12962
-12332 -12332
-11697 -11697
-11057 -11057
-10412 -10412
-9763 -9763
-9109 -9109
-8451 -8451
-7790 -7790
-7125 -7125
-6457 -6457
-5787 -5787
-5114 -5114
-4438 -4438
-3761 -3761
-3082 -3082
-2402 -2402
-1721 -1721
-1039 -1039
-356 -356
326 326
1009 1009
1691 1691
2372 2372
3053 3053
3732 3732
4409 4409
5084 5084
5758 5758
6428 6428
7096 7096
7761 7761
8423 8423
9080 9080
9734 9734
10384 10384
11029 11029
11669 11669
12305 12305
12935 12935
13559 13559
14178 14178
14790 14790
15396 15396
15995 15995
16587 16587
17172 17172
17750 17750
18320 18320
18882 18882
19436 19436
19981 19981
20518 20518
21045 21045
21564 21564
22073 22073
22573 22573
23063 23063
23543 23543
24012 24012
24472 24472
24920 24920
25358 25358
25785 25785
26200 26200
26605 26605
26997 26997
27378 27378
27747 27747
28105 28105
28449 28449
28782 28782
29102 29102
29409 29409
29704 29704
29986 29986
30254 30254
30510 30510
30752 30752
30981 30981
31197 31197
31399 31399
31587 31587
31762 31762
31923 31923
32070 32070
32203 32203
32322 32322
32427 32427
32518 32518
32595 32595
32658 32658
32706 32706
32741 32741
32761 32761
32767 32767
32759 32759
32736 32736
32700 32700
32649 32649
32584 32584
32504 32504
32411 32411
32304 32304
32182 32182
32047 32047
31898 31898
31735 31735
31558 31558
31367 31367
31163 31163
30946 30946
30714 30714
30470 30470
30212 30212
29941 29941
29658 29658
29361 29361
29052 29052
28730 28730
28395 28395
28048 28048
27689 27689
27318 27318
26935 26935
26541 26541
26135 26135
25717 25717
25289 25289
24849 24849
24399 24399
23938 23938
23467 23467
22985 22985
22494 22494
21993 21993
21482 21482
20962 20962
20432 20432
19894 19894
19348 19348
18793 18793
18229 18229
17658 17658
17079 17079
16493 16493
15900 15900
15299 15299
14692 14692
14079 14079
13460 13460
12834 12834
12204 12204
11567 11567
10926 10926
10280 10280
9630 9630
8975 8975
8317 8317
7655 7655
6990 6990
6321 6321
5650 5650
4976 4976
4301 4301
3623 3623
2944 2944
2263 2263
1582 1582
900 900
217 217
-465 -465
-1148 -1148
-1830 -1830
-2511 -2511
-3191 -3191
-3870 -3870
-4547 -4547
-5222 -5222
-5894 -5894
-6564 -6564
-7232 -7232
-7896 -7896
-8557 -8557
-9214 -9214
-9867 -9867
-10516 -10516
-11160 -11160
-11799 -11799
-12433 -12433
-13062 -13062
-13685 -13685
-14303 -14303
-14914 -14914
-15518 -15518
-16116 -16116
-16707 -16707
-17291 -17291
-17867 -17867
-18435 -18435
-18995 -18995
-19547 -19547
-20091 -20091
-20626 -20626
-21152 -21152
-21668 -21668
-22176 -22176
-22673 -22673
-23161 -23161
-23639 -23639
-24107 -24107
-24564 -24564
-25010 -25010
-25446 -25446
-25870 -25870
-26284 -26284
-26686 -26686
-27076 -27076
-27454 -27454
-27821 -27821
-28176 -28176
-28518 -28518
-28848 -28848
-29165 -29165
-29470 -29470
-29762 -29762
-30041 -30041
-30307 -30307
-30560 -30560
-30800 -30800
-31026 -31026
-31239 -31239
-31438 -31438
-31624 -31624
-31796 -31796
-31954 -31954
-32098 -32098
-32228 -32228
-32344 -32344
-32447 -32447
-32535 -32535
-32609 -32609
-32669 -32669
-32715 -32715
-32746 -32746
-32763 -32763
-32766 -32766
-32755 -32755
-32730 -32730
-32690 -32690
-32637 -32637
-32569 -32569
-32487 -32487
-32390 -32390
-32280 -32280
-32156 -32156
-32018 -32018
-31866 -31866
-31700 -31700
-31520 -31520
-31327 -31327
-31120 -31120
-30900 -30900
-30666 -30666
-30419 -30419
-30158 -30158
-29885 -29885
-29598 -29598
-29299 -29299
-28987 -28987
-28662 -28662
-28325 -28325
-27976 -27976
-27615 -27615
-27241 -27241
-26856 -26856
-26459 -26459
-26051 -26051
-25631 -25631
-25200 -25200
-24758 -24758
-24306 -24306
-23843 -23843
-23370 -23370
-22886 -22886
-22393 -22393
-21889 -21889
-21377 -21377
-20855 -20855
-20324 -20324
-19784 -19784
-19235 -19235
-18679 -18679
-18114 -18114
-17541 -17541
-16961 -16961
-16373 -16373
-15778 -15778
-15176 -15176
-14568 -14568
-13954 -13954
-13333 -13333
-12706 -12706
-12074 -12074
-11437 -11437
-10795 -10795
-10148 -10148
-9497 -9497
-8842 -8842
-8183 -8183
-7520 -7520
-6854 -6854
-6185 -6185
-5513 -5513
-4839 -4839
-4163 -4163
-3485 -3485
-2805 -2805
-2125 -2125
-1443 -1443
-761 -761
-78 -78
604 604
1287 1287
1968 1968
2649 2649
3329 3329
4007 4007
4684 4684
5359 5359
6031 6031
6701 6701
7367 7367
8031 8031
8691 8691
9347 9347
9999 9999
10647 10647
11290 11290
11929 11929
12562 12562
13190 13190
13812 13812
14428 14428
15037 15037
15641 15641
16237 16237
16826 16826
17408 17408
17983 17983
18550 18550
19108 19108
19659 19659
20201 20201
20734 20734
21258 21258
21772 21772
22278 22278
22774 22774
23259 23259
23735 23735
24201 24201
24656 24656
25100 25100
25533 25533
25955 25955
26366 26366
26766 26766
27154 27154
27530 27530
27894 27894
28246 28246
28586 28586
28914 28914
29229 29229
29531 29531
29820 29820
30097 30097
30360 30360
30610 30610
30847 30847
31071 31071
31281 31281
31477 31477
31660 31660
31829 31829
31984 31984
32126 32126
32253 32253
32366 32366
32466 32466
32551 32551
32622 32622
32679 32679
32722 32722
32751 32751
32765 32765
32765 32765
32751 32751
32723 32723
32681 32681
32624 32624
32553 32553
32468 32468
32369 32369
32256 32256
32129 32129
31988 31988
31833 31833
31664 31664
31482 31482
31286 31286
31076 31076
30853 30853
30616 30616
30367 30367
30104 30104
29827 29827
29538 29538
29237 29237
28922 28922
28595 28595
28255 28255
27904 27904
27540 27540
27164 27164
26776 26776
26377 26377
25966 25966
25544 25544
25111 25111
24667 24667
24213 24213
23747 23747
23272 23272
22786 22786
22291 22291
21786 21786
21271 21271
20747 20747
20214 20214
19673 19673
19123 19123
18564 18564
17998 17998
17423 17423
16842 16842
16252 16252
15656 15656
15053 15053
14443 14443
13828 13828
13206 13206
12578 12578
11945 11945
11307 11307
10664 10664
10016 10016
9364 9364
8708 8708
8048 8048
7384 7384
6718 6718
6048 6048
5376 5376
4702 4702
4025 4025
3347 3347
2667 2667
1986 1986
1304 1304
622 622
-61 -61
-743 -743
-1425 -1425
-2107 -2107
-2788 -2788
-3467 -3467
-4145 -4145
-4822 -4822
-5496 -5496
-6167 -6167
-6836 -6836
-7503 -7503
-8165 -8165
-8825 -8825
-9480 -9480
-10132 -10132
-10778 -10778
-11421 -11421
-12058 -12058
-12690 -12690
-13317 -13317
-13937 -13937
-14552 -14552
-15161 -15161
-15763 -15763
-16358 -16358
-16945 -16945
-17526 -17526
-18099 -18099
-18664 -18664
-19221 -19221
-19770 -19770
-20310 -20310
-20841 -20841
-21363 -21363
-21876 -21876
-22380 -22380
-22873 -22873
-23357 -23357
-23831 -23831
-24294 -24294
-24747 -24747
-25189 -25189
-25620 -25620
-26040 -26040
-26449 -26449
-26846 -26846
-27231 -27231
-27605 -27605
-27967 -27967
-28317 -28317
-28654 -28654
-28979 -28979
-29291 -29291
-29591 -29591
-29877 -29877
-30151 -30151
-30412 -30412
-30659 -30659
-30894 -30894
-31114 -31114
-31322 -31322
-31515 -31515
-31695 -31695
-31862 -31862
-32014 -32014
-32153 -32153
-32277 -32277
-32388 -32388
-32484 -32484
-32567 -32567
-32635 -32635
-32689 -32689
-32729 -32729
-32755 -32755
-32766 -32766
-32764 -32764
-32747 -32747
-32716 -32716
-32670 -32670
-32611 -32611
-32537 -32537
-32449 -32449
-32347 -32347
-32231 -32231
-32101 -32101
-31958 -31958
-31800 -31800
-31628 -31628
-31443 -31443
-31244 -31244
-31032 -31032
-30806 -30806
-30567 -30567
-30314 -30314
-30048 -30048
-29770 -29770
-29478 -29478
-29174 -29174
-28856 -28856
-28527 -28527
-28185 -28185
-27830 -27830
-27464 -27464
-27086 -27086
-26696 -26696
-26294 -26294
-25881 -25881
-25457 -25457
-25022 -25022
-24576 -24576
-24119 -24119
-23651 -23651
-23174 -23174
-22686 -22686
-22189 -22189
-21682 -21682
-21165 -21165
-20640 -20640
-20105 -20105
-19562 -19562
-19010 -19010
-18450 -18450
-17881 -17881
-17306 -17306
-16722 -16722
-16132 -16132
-15534 -15534
-14930 -14930
-14319 -14319
-13702 -13702
-13079 -13079
-12450 -12450
-11816 -11816
-11176 -11176
-10532 -10532
-9884 -9884
-9231 -9231
-8574 -8574
-7913 -7913
-7249 -7249
-6582 -6582
-5912 -5912
-5239 -5239
-4564 -4564
-3887 -3887
-3208 -3208
-2528 -2528
-1847 -1847
-1165 -1165
-483 -483
200 200
882 882
1564 1564
2246 2246
2926 2926
3605 3605
4283 4283
4959 4959
5633 5633
6304 6304
6972 6972
7638 7638
8300 8300
8958 8958
9613 9613
10264 10264
10910 10910
11551 11551
12187 12187
12818 12818
13444 13444
14063 14063
14677 14677
15284 15284
15884 15884
16478 16478
17064 17064
17643 17643
18215 18215
18778 18778
19333 19333
19880 19880
20419 20419
20948 20948
21468 21468
21979 21979
22481 22481
22973 22973
23454 23454
23926 23926
24387 24387
24838 24838
25278 25278
25706 25706
26124 26124
26530 26530
26925 26925
27308 27308
27680 27680
28039 28039
28386 28386
28721 28721
29043 29043
29353 29353
29650 29650
29934 29934
30205 30205
30463 30463
30708 30708
30940 30940
31158 31158
31362 31362
31553 31553
31730 31730
31894 31894
32043 32043
32179 32179
32301 32301
32409 32409
32502 32502
32582 32582
32647 32647
32698 32698
32735 32735
32758 32758
32767 32767
32761 32761
32741 32741
32707 32707
32659 32659
32597 32597
32520 32520
32430 32430
32325 32325
32206 32206
32073 32073
31927 31927
31766 31766
31592 31592
31404 31404
31202 31202
30987 30987
30758 30758
30516 30516
30261 30261
29993 29993
29711 29711
29417 29417
29110 29110
28790 28790
28458 28458
28114 28114
27757 27757
27388 27388
27007 27007
26615 26615
26211 26211
25796 25796
25369 25369
24932 24932
24483 24483
24024 24024
23555 23555
23075 23075
22586 22586
22086 22086
21577 21577
21059 21059
20531 20531
19995 19995
19450 19450
18896 18896
18335 18335
17765 17765
17187 17187
16603 16603
16010 16010
15411 15411
14806 14806
14194 14194
13575 13575
12951 12951
12321 12321
11686 11686
11046 11046
10401 10401
9751 9751
9097 9097
8440 8440
7778 7778
7113 7113
6446 6446
5775 5775
5102 5102
4426 4426
3749 3749
3070 3070
2390 2390
1709 1709
1027 1027
344 344
-339 -339
-1021 -1021
-1703 -1703
-2384 -2384
-3065 -3065
-3744 -3744
-4421 -4421
-5096 -5096
-5769 -5769
-6440 -6440
-7108 -7108
-7773 -7773
-8434 -8434
-9092 -9092
-9746 -9746
-10395 -10395
-11041 -11041
-11681 -11681
-12316 -12316
-12946 -12946
-13570 -13570
-14189 -14189
-14801 -14801
-15406 -15406
-16006 -16006
-16598 -16598
-17183 -17183
-17760 -17760
-18330 -18330
-18892 -18892
-19445 -19445
-19991 -19991
-20527 -20527
-21055 -21055
-21573 -21573
-22082 -22082
-22582 -22582
-23071 -23071
-23551 -23551
-24021 -24021
-24480 -24480
-24928 -24928
-25366 -25366
-25792 -25792
-26208 -26208
-26612 -26612
-27004 -27004
-27385 -27385
-27754 -27754
-28111 -28111
-28455 -28455
-28788 -28788
-29107 -29107
-29415 -29415
-29709 -29709
-29990 -29990
-30259 -30259
-30514 -30514
-30756 -30756
-30985 -30985
-31200 -31200
-31402 -31402
-31590 -31590
-31765 -31765
-31925 -31925
-32072 -32072
-32205 -32205
-32324 -32324
-32429 -32429
-32520 -32520
-32596 -32596
-32659 -32659
-32707 -32707
-32741 -32741
-32761 -32761
-32767 -32767
-32758 -32758
-32736 -32736
-32699 -32699
-32648 -32648
-32582 -32582
-32503 -32503
-32409 -32409
-32302 -32302
-32180 -32180
-32045 -32045
-31895 -31895
-31732 -31732
-31555 -31555
-31364 -31364
-31159 -31159
-30942 -30942
-30710 -30710
-30465 -30465
-30208 -30208
-29937 -29937
-29652 -29652
-29356 -29356
-29046 -29046
-28724 -28724
-28389 -28389
-28042 -28042
-27683 -27683
-27312 -27312
-26929 -26929
-26534 -26534
-26127 -26127
-25710 -25710
-25281 -25281
-24841 -24841
-24391 -24391
-23930 -23930
-23458 -23458
-22977 -22977
-22485 -22485
-21984 -21984
-21473 -21473
-20952 -20952
-20423 -20423
-19885 -19885
-19338 -19338
-18783 -18783
-18219 -18219
-17648 -17648
-17069 -17069
-16483 -16483
-15889 -15889
-15289 -15289
-14682 -14682
-14068 -14068
-13449 -13449
-12823 -12823
-12192 -12192
-11556 -11556
-10915 -10915
-10269 -10269
-9618 -9618
-8964 -8964
-8305 -8305
-7643 -7643
-6978 -6978
-6309 -6309
-5638 -5638
-4964 -4964
-4289 -4289
-3611 -3611
-2932 -2932
-2251 -2251
-1570 -1570
-888 -888
-205 -205
477 477
1160 1160
1842 1842
2523 2523
3203 3203
3882 3882
4559 4559
5234 5234
5906 5906
6576 6576
7244 7244
7908 7908
8568 8568
9225 9225
9878 9878
10527 10527
11171 11171
11811 11811
12445 12445
13073 13073
13696 13696
14314 14314
14925 14925
15529 15529
16127 16127
16717 16717
17301 17301
17877 17877
18445 18445
19005 19005
19557 19557
20101 20101
20635 20635
21161 21161
21678 21678
22185 22185
22682 22682
23170 23170
23648 23648
24115 24115
24572 24572
25018 25018
25453 25453
25878 25878
26291 26291
26693 26693
27083 27083
27461 27461
27828 27828
28182 28182
28524 28524
28854 28854
29171 29171
29476 29476
29767 29767
30046 30046
30312 30312
30565 30565
30804 30804
31030 31030
31243 31243
31442 31442
31627 31627
31799 31799
31956 31956
32100 32100
32230 32230
32346 32346
32448 32448
32536 32536
32610 32610
32670 32670
32715 32715
32746 32746
32764 32764
32766 32766
32755 32755
32729 32729
32690 32690
32636 32636
32567 32567
32485 32485
32389 32389
32278 32278
32154 32154
32015 32015
31863 31863
31697 31697
31517 31517
31323 31323
31116 31116
30896 30896
30661 30661
30414 30414
30153 30153
29880 29880
29593 29593
29294 29294
28981 28981
28657 28657
28319 28319
27970 27970
27608 27608
27235 27235
26849 26849
26452 26452
26043 26043
25623 25623
25192 25192
24751 24751
24298 24298
23835 23835
23361 23361
22877 22877
22384 22384
21880 21880
21367 21367
20845 20845
20314 20314
19774 19774
19226 19226
18669 18669
18104 18104
17531 17531
16950 16950
16362 16362
15767 15767
15166 15166
14557 14557
13943 13943
13322 13322
12695 12695
12063 12063
11426 11426
10784 10784
10137 10137
9485 9485
8830 8830
8171 8171
7508 7508
6842 6842
6173 6173
5501 5501
4827 4827
4151 4151
3473 3473
2793 2793
2113 2113
1431 1431
749 749
66 66
-616 -616
-1299 -1299
-1981 -1981
-2661 -2661
-3341 -3341
-4020 -4020
-4696 -4696
-5371 -5371
-6043 -6043
-6712 -6712
-7379 -7379
-8043 -8043
-8702 -8702
-9359 -9359
-10011 -10011
-10659 -10659
-11302 -11302
-11940 -11940
-12573 -12573
-13201 -13201
-13823 -13823
-14438 -14438
-15048 -15048
-15651 -15651
-16248 -16248
-16837 -16837
-17419 -17419
-17993 -17993
-18560 -18560
-19118 -19118
-19668 -19668
-20210 -20210
-20743 -20743
-21267 -21267
-21782 -21782
-22287 -22287
-22782 -22782
-23268 -23268
-23744 -23744
-24209 -24209
-24664 -24664
-25108 -25108
-25541 -25541
-25963 -25963
-26374 -26374
-26773 -26773
-27161 -27161
-27537 -27537
-27901 -27901
-28253 -28253
-28592 -28592
-28919 -28919
-29234 -29234
-29536 -29536
-29825 -29825
-30101 -30101
-30365 -30365
-30614 -30614
-30851 -30851
-31074 -31074
-31284 -31284
-31480 -31480
-31663 -31663
-31832 -31832
-31987 -31987
-32128 -32128
-32255 -32255
-32368 -32368
-32467 -32467
-32553 -32553
-32623 -32623
-32680 -32680
-32723 -32723
-32751 -32751
-32765 -32765
-32765 -32765
-32751 -32751
-32722 -32722
-32680 -32680
-32623 -32623
-32552 -32552
-32467 -32467
-32367 -32367
-32254 -32254
-32127 -32127
-31985 -31985
-31830 -31830
-31661 -31661
-31479 -31479
-31282 -31282
-31072 -31072
-30849 -30849
-30612 -30612
-30362 -30362
-30099 -30099
-29822 -29822
-29533 -29533
-29231 -29231
-28916 -28916
-28589 -28589
-28249 -28249
-27897 -27897
-27533 -27533
-27157 -27157
-26769 -26769
-26370 -26370
-25959 -25959
-25537 -25537
-25103 -25103
-24659 -24659
-24204 -24204
-23739 -23739
-23263 -23263
-22778 -22778
-22282 -22282
-21777 -21777
-21262 -21262
-20738 -20738
-20205 -20205
-19663 -19663
-19113 -19113
-18554 -18554
-17988 -17988
-17413 -17413
-16831 -16831
-16242 -16242
-15645 -15645
-15042 -15042
-14433 -14433
-13817 -13817
-13195 -13195
-12567 -12567
-11934 -11934
-11296 -11296
-10652 -10652
-10005 -10005
-9352 -9352
-8696 -8696
-8036 -8036
-7373 -7373
-6706 -6706
-6036 -6036
-5364 -5364
-4690 -4690
-4013 -4013
-3335 -3335
-2655 -2655
-1974 -1974
-1292 -1292
-610 -610
73 73
755 755
1438 1438
2119 2119
2800 2800
3479 3479
4157 4157
4834 4834
5508 5508
6179 6179
6848 6848
7514 7514
8177 8177
8836 8836
9492 9492
10143 10143
10790 10790
11432 11432
12069 12069
12701 12701
13328 13328
13948 13948
14563 14563
15171 15171
15773 15773
16368 16368
16956 16956
17536 17536
18109 18109
18674 18674
19231 19231
19779 19779
20319 20319
20850 20850
21372 21372
21885 21885
22388 22388
22882 22882
23366 23366
23839 23839
24302 24302
24755 24755
25197 25197
25628 25628
26047 26047
26456 26456
26853 26853
27238 27238
27612 27612
27973 27973
28323 28323
28660 28660
28984 28984
29297 29297
29596 29596
29882 29882
30156 30156
30416 30416
30664 30664
30898 30898
31118 31118
31325 31325
31519 31519
31699 31699
31865 31865
32017 32017
32155 32155
32279 32279
32390 32390
32486 32486
32568 32568
32636 32636
32690 32690
32730 32730
32755 32755
32766 32766
32763 32763
32746 32746
32715 32715
32669 32669
32609 32609
32536 32536
32448 32448
32345 32345
32229 32229
32099 32099
31955 31955
31797 31797
31625 31625
31440 31440
31241 31241
31028 31028
30802 30802
30562 30562
30310 30310
30044 30044
29765 29765
29473 29473
29168 29168
28851 28851
28521 28521
28179 28179
27824 27824
27458 27458
27079 27079
26689 26689
26287 26287
25874 25874
25449 25449
25014 25014
24568 24568
24111 24111
23643 23643
23165 23165
22678 22678
22180 22180
21673 21673
21156 21156
20630 20630
20095 20095
19552 19552
19000 19000
18440 18440
17871 17871
17295 17295
16712 16712
16121 16121
15523 15523
14919 14919
14308 14308
13691 13691
13067 13067
12439 12439
11804 11804
11165 11165
10521 10521
9872 9872
9219 9219
8562 8562
7901 7901
7237 7237
6570 6570
5900 5900
5227 5227
4552 4552
3875 3875
3196 3196
2516 2516
1835 1835
1153 1153
471 471
-212 -212
-894 -894
-1576 -1576
-2258 -2258
-2938 -2938
-3618 -3618
-4295 -4295
-4971 -4971
-5645 -5645
-6316 -6316
-6984 -6984
-7650 -7650
-8312 -8312
-8970 -8970
-9625 -9625
-10275 -10275
-10921 -10921
-11562 -11562
-12198 -12198
-12829 -12829
-13455 -13455
-14074 -14074
-14687 -14687
-15294 -15294
-15895 -15895
-16488 -16488
-17075 -17075
-17653 -17653
-18225 -18225
-18788 -18788
-19343 -19343
-19890 -19890
-20428 -20428
-20957 -20957
-21478 -21478
-21988 -21988
-22490 -22490
-22981 -22981
-23463 -23463
-23934 -23934
-24395 -24395
-24846 -24846
-25285 -25285
-25714 -25714
-26131 -26131
-26538 -26538
-26932 -26932
-27315 -27315
-27686 -27686
-28045 -28045
-28392 -28392
-28727 -28727
-29049 -29049
-29358 -29358
-29655 -29655
-29939 -29939
-30210 -30210
-30468 -30468
-30712 -30712
-30944 -30944
-31161 -31161
-31366 -31366
-31556 -31556
-31733 -31733
-31897 -31897
-32046 -32046
-32181 -32181
-32303 -32303
-32410 -32410
-32504 -32504
-32583 -32583
-32648 -32648
-32699 -32699
-32736 -32736
-32759 -32759
-32767 -32767
-32761 -32761
-32741 -32741
-32707 -32707
-32658 -32658
-32596 -32596
-32519 -32519
-32428 -32428
-32323 -32323
-32204 -32204
-32071 -32071
-31924 -31924
-31763 -31763
-31589 -31589
-31400 -31400
-31198 -31198
-30983 -30983
-30754 -30754
-30512 -30512
-30256 -30256
-29988 -29988
-29706 -29706
-29412 -29412
-29104 -29104
-28785 -28785
-28452 -28452
-28107 -28107
-27750 -27750
-27381 -27381
-27001 -27001
-26608 -26608
-26204 -26204
-25788 -25788
-25362 -25362
-24924 -24924
-24475 -24475
-24016 -24016
-23547 -23547
-23067 -23067
-22577 -22577
-22077 -22077
-21568 -21568
-21050 -21050
-20522 -20522
-19985 -19985
-19440 -19440
-18886 -18886
-18325 -18325
-17755 -17755
-17177 -17177
